99; 5/25/2023 4:05:32 PM; 103.1624; 01011; 
 0, 0, 0, 0, 0, 
 0, 0, 0, 0, 0, 
 0, 0, 0, 0, 0, 
 0, 0, 0, 0, 0, 
 0, 0, 0, 0, 0, 
 0, 0, 0, 0, 0, 
 0, 0, 0, 0, 0, 
 0, 0, 0, 0, 0, 
 0, 0, 0, 0, 0, 
 0, 0, 0, 0, 0, 
 0, 0, 0, 0, 0, 
 0, 0, 0, -0.1, 0, 
 0, 0, 0, 0, 0, 
 0, 0, 0, 0, 0, 
 0, 0, 0, 0, 0, 
 0, 0, 0, 0, 0, 
 0, 0, 0, 0, 0, 
 0, 0, 0, 0, 0, 
 0, 0, 0, 0, 0, 
 0, 0, 0, 0, 0, 
 0, 0, 0, 0, 0, 
 0, 0, 0, 0, 0, 
 0, 0, 0, 0, 0, 
 0, 0, 0, 0, 0, 
 0, 0, 0, 0, 0, 
 0, 0, 0, 0, 0, 
 0, 0, 0, 0, 0, 
 0, 0, 0, 0, 0, 
 0, 0, 0, 0, 0, 
 0, 0, 0, 0, 0, 
 0, 0, 0, 0, 0, 
 0, 0, 0, 0, 0, ; 
 
 0, 0, 0, 0, 0, 
 0, 0, 0, 0, 0, 
 0, 0, 0, 0, 0, 
 0, 0, 0, 0, 0, 
 0, 0, 0, 0, 0, 
 0, 0, 0, 0, 0, 
 0, 0, 0, 0, 0, 
 0, 0, 0, 0, 0, 
 0, 0, 0, 0, 0, 
 0, 0, 0, 0, 0, 
 0, 0, 0, 0, 0, 
 0, 0, 0, 1, 0, 
 0, 0, 0, 0, 0, 
 0, 0, 0, 0, 0, 
 0, 0, 0, 0, 0, 
 0, 0, 0, 0, 0, 
 0, 0, 0, 0, 0, 
 0, 0, 0, 0, 0, 
 0, 0, 0, 0, 0, 
 0, 0, 0, 0, 0, 
 0, 0, 0, 0, 0, 
 0, 0, 0, 0, 0, 
 0, 0, 0, 0, 0, 
 0, 0, 0, 0, 0, 
 0, 0, 0, 0, 0, 
 0, 0, 0, 0, 0, 
 0, 0, 0, 0, 0, 
 0, 0, 0, 0, 0, 
 0, 0, 0, 0, 0, 
 0, 0, 0, 0, 0, 
 0, 0, 0, 0, 0, 
 0, 0, 0, 0, 0, ; 
 
 0, 0, 0, 0, 0, 
 0, 0, 0, 0, 0, 
 0, 0, 0, 0, 0, 
 0, 0, 0, 0, 0, 
 0, 0, 0, 0, 0, 
 0, 0, 0, 0, 0, 
 0, 0, 0, 0, 0, 
 0, 0, 0, 0, 0, 
 0, 0, 0, 0, 0, 
 0, 0, 0, 0, 0, 
 0, 0, 0, 0, 0, 
 0, 0, 0, 0, 0, 
 0, 0, 0, 0, 0, 
 0, 0, 0, 0, 0, 
 0, 0, 0, 0, 0, 
 0, 0, 0, 0, 0, 
 0, 0, 0, 0, 0, 
 0, 0, 0, 0, 0, 
 0, 0, 0, 0, 0, 
 0, 0, 0, 0, 0, 
 0, 0, 0, 0, 0, 
 0, 0, 0, 0, 0, 
 0, 0, 0, 0, 0, 
 0, 0, 0, 0, 0, 
 0, 0, 0, 0, 0, 
 0, 0, 0, 0, 0, 
 0, 0, 0, 0, 0, 
 0, 0, 0, 0, 0, 
 0, 0, 0, 0, 0, 
 0, 0, 0, 0, 0, 
 0, 0, 0, 0, 0, 
 0, 0, 0, 0, 0, ; 
 99; 5/25/2023 4:06:23 PM; 154.1621; 01011; 
 0, 0, 0, 0, 0, 
 0, 0, 0, 0, 0, 
 0, 0, 0, 0, 0, 
 0, 0, 0, 0, 0, 
 0, 0, 0, 0, 0, 
 0, 0, 0, 0, 0, 
 0, 0, 0, 0, 0, 
 0, 0, 0, 0, 0, 
 0, 0, 0, 0, 0, 
 0, 0, 0, 0, 0, 
 0, 0, 0, 0, 0, 
 0.1, 0, 0, -0.1, 0, 
 0, 0, 0, 0, 0, 
 0, 0, 0, 0, 0, 
 0, 0, 0, 0, 0, 
 0, 0, 0, 0, 0, 
 0, 0, 0, 0, 0, 
 0, 0, 0, 0, 0, 
 0, 0, 0, 0, 0, 
 0, 0, 0, 0, 0, 
 0, 0, 0, 0, 0, 
 0, 0, 0, 0, 0, 
 0, 0, 0, 0, 0, 
 0, 0, 0, 0, 0, 
 0, 0, 0, 0, 0, 
 0, 0, 0, 0, 0, 
 0, 0, 0, 0, 0, 
 0, 0, 0, 0, 0, 
 0, 0, 0, 0, 0, 
 0, 0, 0, 0, 0, 
 0, 0, 0, 0, 0, 
 0, 0, 0, 0, 0, ; 
 
 0, 0, 0, 0, 0, 
 0, 0, 0, 0, 0, 
 0, 0, 0, 0, 0, 
 0, 0, 0, 0, 0, 
 0, 0, 0, 0, 0, 
 0, 0, 0, 0, 0, 
 0, 0, 0, 0, 0, 
 0, 0, 0, 0, 0, 
 0, 0, 0, 0, 0, 
 0, 0, 0, 0, 0, 
 0, 0, 0, 0, 0, 
 1, 0, 0, 1, 0, 
 0, 0, 0, 0, 0, 
 0, 0, 0, 0, 0, 
 0, 0, 0, 0, 0, 
 0, 0, 0, 0, 0, 
 0, 0, 0, 0, 0, 
 0, 0, 0, 0, 0, 
 0, 0, 0, 0, 0, 
 0, 0, 0, 0, 0, 
 0, 0, 0, 0, 0, 
 0, 0, 0, 0, 0, 
 0, 0, 0, 0, 0, 
 0, 0, 0, 0, 0, 
 0, 0, 0, 0, 0, 
 0, 0, 0, 0, 0, 
 0, 0, 0, 0, 0, 
 0, 0, 0, 0, 0, 
 0, 0, 0, 0, 0, 
 0, 0, 0, 0, 0, 
 0, 0, 0, 0, 0, 
 0, 0, 0, 0, 0, ; 
 
 0, 0, 0, 0, 0, 
 0, 0, 0, 0, 0, 
 0, 0, 0, 0, 0, 
 0, 0, 0, 0, 0, 
 0, 0, 0, 0, 0, 
 0, 0, 0, 0, 0, 
 0, 0, 0, 0, 0, 
 0, 0, 0, 0, 0, 
 0, 0, 0, 0, 0, 
 0, 0, 0, 0, 0, 
 0, 0, 0, 0, 0, 
 1, 0, 0, 0, 0, 
 0, 0, 0, 0, 0, 
 0, 0, 0, 0, 0, 
 0, 0, 0, 0, 0, 
 0, 0, 0, 0, 0, 
 0, 0, 0, 0, 0, 
 0, 0, 0, 0, 0, 
 0, 0, 0, 0, 0, 
 0, 0, 0, 0, 0, 
 0, 0, 0, 0, 0, 
 0, 0, 0, 0, 0, 
 0, 0, 0, 0, 0, 
 0, 0, 0, 0, 0, 
 0, 0, 0, 0, 0, 
 0, 0, 0, 0, 0, 
 0, 0, 0, 0, 0, 
 0, 0, 0, 0, 0, 
 0, 0, 0, 0, 0, 
 0, 0, 0, 0, 0, 
 0, 0, 0, 0, 0, 
 0, 0, 0, 0, 0, ; 
 99; 5/25/2023 4:07:13 PM; 203.6047; 01010; 
 0, 0, 0, 0, 0, 
 0, 0, 0, 0, 0, 
 0, 0, 0, 0, 0, 
 0, 0, 0, 0, 0, 
 0, 0, 0, 0, 0, 
 0, 0, 0, 0, 0, 
 0, 0, 0, 0, 0, 
 0, 0, 0, 0, 0, 
 0, 0, 0, 0, 0, 
 0, 0, 0, 0, 0, 
 0, -0.1, 0, 0, 0, 
 0.1, 0, 0, -0.1, 0, 
 0, 0, 0, 0, 0, 
 0, 0, 0, 0, 0, 
 0, 0, 0, 0, 0, 
 0, 0, 0, 0, 0, 
 0, 0, 0, 0, 0, 
 0, 0, 0, 0, 0, 
 0, 0, 0, 0, 0, 
 0, 0, 0, 0, 0, 
 0, 0, 0, 0, 0, 
 0, 0, 0, 0, 0, 
 0, 0, 0, 0, 0, 
 0, 0, 0, 0, 0, 
 0, 0, 0, 0, 0, 
 0, 0, 0, 0, 0, 
 0, 0, 0, 0, 0, 
 0, 0, 0, 0, 0, 
 0, 0, 0, 0, 0, 
 0, 0, 0, 0, 0, 
 0, 0, 0, 0, 0, 
 0, 0, 0, 0, 0, ; 
 
 0, 0, 0, 0, 0, 
 0, 0, 0, 0, 0, 
 0, 0, 0, 0, 0, 
 0, 0, 0, 0, 0, 
 0, 0, 0, 0, 0, 
 0, 0, 0, 0, 0, 
 0, 0, 0, 0, 0, 
 0, 0, 0, 0, 0, 
 0, 0, 0, 0, 0, 
 0, 0, 0, 0, 0, 
 0, 1, 0, 0, 0, 
 1, 0, 0, 1, 0, 
 0, 0, 0, 0, 0, 
 0, 0, 0, 0, 0, 
 0, 0, 0, 0, 0, 
 0, 0, 0, 0, 0, 
 0, 0, 0, 0, 0, 
 0, 0, 0, 0, 0, 
 0, 0, 0, 0, 0, 
 0, 0, 0, 0, 0, 
 0, 0, 0, 0, 0, 
 0, 0, 0, 0, 0, 
 0, 0, 0, 0, 0, 
 0, 0, 0, 0, 0, 
 0, 0, 0, 0, 0, 
 0, 0, 0, 0, 0, 
 0, 0, 0, 0, 0, 
 0, 0, 0, 0, 0, 
 0, 0, 0, 0, 0, 
 0, 0, 0, 0, 0, 
 0, 0, 0, 0, 0, 
 0, 0, 0, 0, 0, ; 
 
 0, 0, 0, 0, 0, 
 0, 0, 0, 0, 0, 
 0, 0, 0, 0, 0, 
 0, 0, 0, 0, 0, 
 0, 0, 0, 0, 0, 
 0, 0, 0, 0, 0, 
 0, 0, 0, 0, 0, 
 0, 0, 0, 0, 0, 
 0, 0, 0, 0, 0, 
 0, 0, 0, 0, 0, 
 0, 0, 0, 0, 0, 
 1, 0, 0, 0, 0, 
 0, 0, 0, 0, 0, 
 0, 0, 0, 0, 0, 
 0, 0, 0, 0, 0, 
 0, 0, 0, 0, 0, 
 0, 0, 0, 0, 0, 
 0, 0, 0, 0, 0, 
 0, 0, 0, 0, 0, 
 0, 0, 0, 0, 0, 
 0, 0, 0, 0, 0, 
 0, 0, 0, 0, 0, 
 0, 0, 0, 0, 0, 
 0, 0, 0, 0, 0, 
 0, 0, 0, 0, 0, 
 0, 0, 0, 0, 0, 
 0, 0, 0, 0, 0, 
 0, 0, 0, 0, 0, 
 0, 0, 0, 0, 0, 
 0, 0, 0, 0, 0, 
 0, 0, 0, 0, 0, 
 0, 0, 0, 0, 0, ; 
 99; 5/25/2023 4:07:59 PM; 250.5042; 01010; 
 0, 0, 0, 0, 0, 
 0, 0, 0, 0, 0, 
 0, 0, 0, 0, 0, 
 0, 0, 0, 0, 0, 
 0, 0, 0, 0, 0, 
 0, 0, 0, 0, 0, 
 0, 0, 0, 0, 0, 
 0, 0, 0, 0, 0, 
 0, 0, 0, 0, 0, 
 0, 0, 0, 0, 0, 
 -0.097, -0.1, 0, 0, 0, 
 0.1, 0, 0, -0.1, 0, 
 0, 0, 0, 0, 0, 
 0, 0, 0, 0, 0, 
 0, 0, 0, 0, 0, 
 0, 0, 0, 0, 0, 
 0, 0, 0, 0, 0, 
 0, 0, 0, 0, 0, 
 0, 0, 0, 0, 0, 
 0, 0, 0, 0, 0, 
 0, 0, 0, 0, 0, 
 0, 0, 0, 0, 0, 
 0, 0, 0, 0, 0, 
 0, 0, 0, 0, 0, 
 0, 0, 0, 0, 0, 
 0, 0, 0, 0, 0, 
 0, 0, 0, 0, 0, 
 0, 0, 0, 0, 0, 
 0, 0, 0, 0, 0, 
 0, 0, 0, 0, 0, 
 0, 0, 0, 0, 0, 
 0, 0, 0, 0, 0, ; 
 
 0, 0, 0, 0, 0, 
 0, 0, 0, 0, 0, 
 0, 0, 0, 0, 0, 
 0, 0, 0, 0, 0, 
 0, 0, 0, 0, 0, 
 0, 0, 0, 0, 0, 
 0, 0, 0, 0, 0, 
 0, 0, 0, 0, 0, 
 0, 0, 0, 0, 0, 
 0, 0, 0, 0, 0, 
 1, 1, 0, 0, 0, 
 1, 0, 0, 1, 0, 
 0, 0, 0, 0, 0, 
 0, 0, 0, 0, 0, 
 0, 0, 0, 0, 0, 
 0, 0, 0, 0, 0, 
 0, 0, 0, 0, 0, 
 0, 0, 0, 0, 0, 
 0, 0, 0, 0, 0, 
 0, 0, 0, 0, 0, 
 0, 0, 0, 0, 0, 
 0, 0, 0, 0, 0, 
 0, 0, 0, 0, 0, 
 0, 0, 0, 0, 0, 
 0, 0, 0, 0, 0, 
 0, 0, 0, 0, 0, 
 0, 0, 0, 0, 0, 
 0, 0, 0, 0, 0, 
 0, 0, 0, 0, 0, 
 0, 0, 0, 0, 0, 
 0, 0, 0, 0, 0, 
 0, 0, 0, 0, 0, ; 
 
 0, 0, 0, 0, 0, 
 0, 0, 0, 0, 0, 
 0, 0, 0, 0, 0, 
 0, 0, 0, 0, 0, 
 0, 0, 0, 0, 0, 
 0, 0, 0, 0, 0, 
 0, 0, 0, 0, 0, 
 0, 0, 0, 0, 0, 
 0, 0, 0, 0, 0, 
 0, 0, 0, 0, 0, 
 0, 0, 0, 0, 0, 
 1, 0, 0, 0, 0, 
 0, 0, 0, 0, 0, 
 0, 0, 0, 0, 0, 
 0, 0, 0, 0, 0, 
 0, 0, 0, 0, 0, 
 0, 0, 0, 0, 0, 
 0, 0, 0, 0, 0, 
 0, 0, 0, 0, 0, 
 0, 0, 0, 0, 0, 
 0, 0, 0, 0, 0, 
 0, 0, 0, 0, 0, 
 0, 0, 0, 0, 0, 
 0, 0, 0, 0, 0, 
 0, 0, 0, 0, 0, 
 0, 0, 0, 0, 0, 
 0, 0, 0, 0, 0, 
 0, 0, 0, 0, 0, 
 0, 0, 0, 0, 0, 
 0, 0, 0, 0, 0, 
 0, 0, 0, 0, 0, 
 0, 0, 0, 0, 0, ; 
 99; 5/25/2023 4:08:48 PM; 298.8329; 01010; 
 0, 0, 0, 0, 0, 
 0, 0, 0, 0, 0, 
 0, 0, 0, 0, 0, 
 0, 0, 0, 0, 0, 
 0, 0, 0, 0, 0, 
 0, 0, 0, 0, 0, 
 0, 0, 0, 0, 0, 
 0, 0, 0, 0, 0, 
 0, 0, 0, 0, 0, 
 0, 0, 0, 0, 0, 
 -0.097, -0.1, 0.1, 0, 0, 
 0.1, 0, 0, -0.1, 0, 
 0, 0, 0, 0, 0, 
 0, 0, 0, 0, 0, 
 0, 0, 0, 0, 0, 
 0, 0, 0, 0, 0, 
 0, 0, 0, 0, 0, 
 0, 0, 0, 0, 0, 
 0, 0, 0, 0, 0, 
 0, 0, 0, 0, 0, 
 0, 0, 0, 0, 0, 
 0, 0, 0, 0, 0, 
 0, 0, 0, 0, 0, 
 0, 0, 0, 0, 0, 
 0, 0, 0, 0, 0, 
 0, 0, 0, 0, 0, 
 0, 0, 0, 0, 0, 
 0, 0, 0, 0, 0, 
 0, 0, 0, 0, 0, 
 0, 0, 0, 0, 0, 
 0, 0, 0, 0, 0, 
 0, 0, 0, 0, 0, ; 
 
 0, 0, 0, 0, 0, 
 0, 0, 0, 0, 0, 
 0, 0, 0, 0, 0, 
 0, 0, 0, 0, 0, 
 0, 0, 0, 0, 0, 
 0, 0, 0, 0, 0, 
 0, 0, 0, 0, 0, 
 0, 0, 0, 0, 0, 
 0, 0, 0, 0, 0, 
 0, 0, 0, 0, 0, 
 1, 1, 1, 0, 0, 
 1, 0, 0, 1, 0, 
 0, 0, 0, 0, 0, 
 0, 0, 0, 0, 0, 
 0, 0, 0, 0, 0, 
 0, 0, 0, 0, 0, 
 0, 0, 0, 0, 0, 
 0, 0, 0, 0, 0, 
 0, 0, 0, 0, 0, 
 0, 0, 0, 0, 0, 
 0, 0, 0, 0, 0, 
 0, 0, 0, 0, 0, 
 0, 0, 0, 0, 0, 
 0, 0, 0, 0, 0, 
 0, 0, 0, 0, 0, 
 0, 0, 0, 0, 0, 
 0, 0, 0, 0, 0, 
 0, 0, 0, 0, 0, 
 0, 0, 0, 0, 0, 
 0, 0, 0, 0, 0, 
 0, 0, 0, 0, 0, 
 0, 0, 0, 0, 0, ; 
 
 0, 0, 0, 0, 0, 
 0, 0, 0, 0, 0, 
 0, 0, 0, 0, 0, 
 0, 0, 0, 0, 0, 
 0, 0, 0, 0, 0, 
 0, 0, 0, 0, 0, 
 0, 0, 0, 0, 0, 
 0, 0, 0, 0, 0, 
 0, 0, 0, 0, 0, 
 0, 0, 0, 0, 0, 
 0, 0, 1, 0, 0, 
 1, 0, 0, 0, 0, 
 0, 0, 0, 0, 0, 
 0, 0, 0, 0, 0, 
 0, 0, 0, 0, 0, 
 0, 0, 0, 0, 0, 
 0, 0, 0, 0, 0, 
 0, 0, 0, 0, 0, 
 0, 0, 0, 0, 0, 
 0, 0, 0, 0, 0, 
 0, 0, 0, 0, 0, 
 0, 0, 0, 0, 0, 
 0, 0, 0, 0, 0, 
 0, 0, 0, 0, 0, 
 0, 0, 0, 0, 0, 
 0, 0, 0, 0, 0, 
 0, 0, 0, 0, 0, 
 0, 0, 0, 0, 0, 
 0, 0, 0, 0, 0, 
 0, 0, 0, 0, 0, 
 0, 0, 0, 0, 0, 
 0, 0, 0, 0, 0, ; 
 99; 5/25/2023 4:09:38 PM; 349.1648; 01110; 
 0, 0, 0, 0, 0, 
 0, 0, 0, 0, 0, 
 0, 0, 0, 0, 0, 
 0, 0, 0, 0, 0, 
 0, 0, 0, 0, 0, 
 0, 0, 0, 0, 0, 
 0, 0, 0, 0, 0, 
 0, 0, 0, 0, 0, 
 0, 0, 0, 0, 0, 
 0, 0, 0, 0, 0, 
 -0.097, -0.1, 0.1, 0, 0, 
 0.1, 0, 0, -0.1, 0, 
 0, 0, 0, 0, 0, 
 0, 0, 0, 0, 0, 
 -0.1, 0, 0, 0, 0, 
 0, 0, 0, 0, 0, 
 0, 0, 0, 0, 0, 
 0, 0, 0, 0, 0, 
 0, 0, 0, 0, 0, 
 0, 0, 0, 0, 0, 
 0, 0, 0, 0, 0, 
 0, 0, 0, 0, 0, 
 0, 0, 0, 0, 0, 
 0, 0, 0, 0, 0, 
 0, 0, 0, 0, 0, 
 0, 0, 0, 0, 0, 
 0, 0, 0, 0, 0, 
 0, 0, 0, 0, 0, 
 0, 0, 0, 0, 0, 
 0, 0, 0, 0, 0, 
 0, 0, 0, 0, 0, 
 0, 0, 0, 0, 0, ; 
 
 0, 0, 0, 0, 0, 
 0, 0, 0, 0, 0, 
 0, 0, 0, 0, 0, 
 0, 0, 0, 0, 0, 
 0, 0, 0, 0, 0, 
 0, 0, 0, 0, 0, 
 0, 0, 0, 0, 0, 
 0, 0, 0, 0, 0, 
 0, 0, 0, 0, 0, 
 0, 0, 0, 0, 0, 
 1, 1, 1, 0, 0, 
 1, 0, 0, 1, 0, 
 0, 0, 0, 0, 0, 
 0, 0, 0, 0, 0, 
 1, 0, 0, 0, 0, 
 0, 0, 0, 0, 0, 
 0, 0, 0, 0, 0, 
 0, 0, 0, 0, 0, 
 0, 0, 0, 0, 0, 
 0, 0, 0, 0, 0, 
 0, 0, 0, 0, 0, 
 0, 0, 0, 0, 0, 
 0, 0, 0, 0, 0, 
 0, 0, 0, 0, 0, 
 0, 0, 0, 0, 0, 
 0, 0, 0, 0, 0, 
 0, 0, 0, 0, 0, 
 0, 0, 0, 0, 0, 
 0, 0, 0, 0, 0, 
 0, 0, 0, 0, 0, 
 0, 0, 0, 0, 0, 
 0, 0, 0, 0, 0, ; 
 
 0, 0, 0, 0, 0, 
 0, 0, 0, 0, 0, 
 0, 0, 0, 0, 0, 
 0, 0, 0, 0, 0, 
 0, 0, 0, 0, 0, 
 0, 0, 0, 0, 0, 
 0, 0, 0, 0, 0, 
 0, 0, 0, 0, 0, 
 0, 0, 0, 0, 0, 
 0, 0, 0, 0, 0, 
 0, 0, 1, 0, 0, 
 1, 0, 0, 0, 0, 
 0, 0, 0, 0, 0, 
 0, 0, 0, 0, 0, 
 0, 0, 0, 0, 0, 
 0, 0, 0, 0, 0, 
 0, 0, 0, 0, 0, 
 0, 0, 0, 0, 0, 
 0, 0, 0, 0, 0, 
 0, 0, 0, 0, 0, 
 0, 0, 0, 0, 0, 
 0, 0, 0, 0, 0, 
 0, 0, 0, 0, 0, 
 0, 0, 0, 0, 0, 
 0, 0, 0, 0, 0, 
 0, 0, 0, 0, 0, 
 0, 0, 0, 0, 0, 
 0, 0, 0, 0, 0, 
 0, 0, 0, 0, 0, 
 0, 0, 0, 0, 0, 
 0, 0, 0, 0, 0, 
 0, 0, 0, 0, 0, ; 
 99; 5/25/2023 4:10:22 PM; 393.0243; 01110; 
 0, 0, 0, 0, 0, 
 0, 0, 0, 0, 0, 
 0, 0, 0, 0, 0, 
 0, 0, 0, 0, 0, 
 0, 0, 0, 0, 0, 
 0, 0, 0, 0, 0, 
 0, 0, 0, 0, 0, 
 0, 0, 0, 0, 0, 
 0, 0, 0, 0, 0, 
 0, 0, 0, 0, 0, 
 -0.097, -0.1, 0.1, 0, 0, 
 0.1, 0, 0, -0.1, 0, 
 0, 0, 0, 0, 0, 
 0, 0, 0, 0, 0, 
 -0.1, -0.1, 0, 0, 0, 
 0, 0, 0, 0, 0, 
 0, 0, 0, 0, 0, 
 0, 0, 0, 0, 0, 
 0, 0, 0, 0, 0, 
 0, 0, 0, 0, 0, 
 0, 0, 0, 0, 0, 
 0, 0, 0, 0, 0, 
 0, 0, 0, 0, 0, 
 0, 0, 0, 0, 0, 
 0, 0, 0, 0, 0, 
 0, 0, 0, 0, 0, 
 0, 0, 0, 0, 0, 
 0, 0, 0, 0, 0, 
 0, 0, 0, 0, 0, 
 0, 0, 0, 0, 0, 
 0, 0, 0, 0, 0, 
 0, 0, 0, 0, 0, ; 
 
 0, 0, 0, 0, 0, 
 0, 0, 0, 0, 0, 
 0, 0, 0, 0, 0, 
 0, 0, 0, 0, 0, 
 0, 0, 0, 0, 0, 
 0, 0, 0, 0, 0, 
 0, 0, 0, 0, 0, 
 0, 0, 0, 0, 0, 
 0, 0, 0, 0, 0, 
 0, 0, 0, 0, 0, 
 1, 1, 1, 0, 0, 
 1, 0, 0, 1, 0, 
 0, 0, 0, 0, 0, 
 0, 0, 0, 0, 0, 
 1, 1, 0, 0, 0, 
 0, 0, 0, 0, 0, 
 0, 0, 0, 0, 0, 
 0, 0, 0, 0, 0, 
 0, 0, 0, 0, 0, 
 0, 0, 0, 0, 0, 
 0, 0, 0, 0, 0, 
 0, 0, 0, 0, 0, 
 0, 0, 0, 0, 0, 
 0, 0, 0, 0, 0, 
 0, 0, 0, 0, 0, 
 0, 0, 0, 0, 0, 
 0, 0, 0, 0, 0, 
 0, 0, 0, 0, 0, 
 0, 0, 0, 0, 0, 
 0, 0, 0, 0, 0, 
 0, 0, 0, 0, 0, 
 0, 0, 0, 0, 0, ; 
 
 0, 0, 0, 0, 0, 
 0, 0, 0, 0, 0, 
 0, 0, 0, 0, 0, 
 0, 0, 0, 0, 0, 
 0, 0, 0, 0, 0, 
 0, 0, 0, 0, 0, 
 0, 0, 0, 0, 0, 
 0, 0, 0, 0, 0, 
 0, 0, 0, 0, 0, 
 0, 0, 0, 0, 0, 
 0, 0, 1, 0, 0, 
 1, 0, 0, 0, 0, 
 0, 0, 0, 0, 0, 
 0, 0, 0, 0, 0, 
 0, 0, 0, 0, 0, 
 0, 0, 0, 0, 0, 
 0, 0, 0, 0, 0, 
 0, 0, 0, 0, 0, 
 0, 0, 0, 0, 0, 
 0, 0, 0, 0, 0, 
 0, 0, 0, 0, 0, 
 0, 0, 0, 0, 0, 
 0, 0, 0, 0, 0, 
 0, 0, 0, 0, 0, 
 0, 0, 0, 0, 0, 
 0, 0, 0, 0, 0, 
 0, 0, 0, 0, 0, 
 0, 0, 0, 0, 0, 
 0, 0, 0, 0, 0, 
 0, 0, 0, 0, 0, 
 0, 0, 0, 0, 0, 
 0, 0, 0, 0, 0, ; 
 99; 5/25/2023 4:11:06 PM; 437.5773; 01110; 
 0, 0, 0, 0, 0, 
 0, 0, 0, 0, 0, 
 0, 0, 0, 0, 0, 
 0, 0, 0, 0, 0, 
 0, 0, 0, 0, 0, 
 0, 0, 0, 0, 0, 
 0, 0, 0, 0, 0, 
 0, 0, 0, 0, 0, 
 0, 0, 0, 0, 0, 
 0, 0, 0, 0, 0, 
 -0.097, -0.1, 0.1, 0, 0, 
 0.1, 0, 0, -0.1, 0, 
 0, 0, 0, 0, 0, 
 0, 0, 0, 0, 0, 
 -0.1, -0.1, -0.097, 0, 0, 
 0, 0, 0, 0, 0, 
 0, 0, 0, 0, 0, 
 0, 0, 0, 0, 0, 
 0, 0, 0, 0, 0, 
 0, 0, 0, 0, 0, 
 0, 0, 0, 0, 0, 
 0, 0, 0, 0, 0, 
 0, 0, 0, 0, 0, 
 0, 0, 0, 0, 0, 
 0, 0, 0, 0, 0, 
 0, 0, 0, 0, 0, 
 0, 0, 0, 0, 0, 
 0, 0, 0, 0, 0, 
 0, 0, 0, 0, 0, 
 0, 0, 0, 0, 0, 
 0, 0, 0, 0, 0, 
 0, 0, 0, 0, 0, ; 
 
 0, 0, 0, 0, 0, 
 0, 0, 0, 0, 0, 
 0, 0, 0, 0, 0, 
 0, 0, 0, 0, 0, 
 0, 0, 0, 0, 0, 
 0, 0, 0, 0, 0, 
 0, 0, 0, 0, 0, 
 0, 0, 0, 0, 0, 
 0, 0, 0, 0, 0, 
 0, 0, 0, 0, 0, 
 1, 1, 1, 0, 0, 
 1, 0, 0, 1, 0, 
 0, 0, 0, 0, 0, 
 0, 0, 0, 0, 0, 
 1, 1, 1, 0, 0, 
 0, 0, 0, 0, 0, 
 0, 0, 0, 0, 0, 
 0, 0, 0, 0, 0, 
 0, 0, 0, 0, 0, 
 0, 0, 0, 0, 0, 
 0, 0, 0, 0, 0, 
 0, 0, 0, 0, 0, 
 0, 0, 0, 0, 0, 
 0, 0, 0, 0, 0, 
 0, 0, 0, 0, 0, 
 0, 0, 0, 0, 0, 
 0, 0, 0, 0, 0, 
 0, 0, 0, 0, 0, 
 0, 0, 0, 0, 0, 
 0, 0, 0, 0, 0, 
 0, 0, 0, 0, 0, 
 0, 0, 0, 0, 0, ; 
 
 0, 0, 0, 0, 0, 
 0, 0, 0, 0, 0, 
 0, 0, 0, 0, 0, 
 0, 0, 0, 0, 0, 
 0, 0, 0, 0, 0, 
 0, 0, 0, 0, 0, 
 0, 0, 0, 0, 0, 
 0, 0, 0, 0, 0, 
 0, 0, 0, 0, 0, 
 0, 0, 0, 0, 0, 
 0, 0, 1, 0, 0, 
 1, 0, 0, 0, 0, 
 0, 0, 0, 0, 0, 
 0, 0, 0, 0, 0, 
 0, 0, 0, 0, 0, 
 0, 0, 0, 0, 0, 
 0, 0, 0, 0, 0, 
 0, 0, 0, 0, 0, 
 0, 0, 0, 0, 0, 
 0, 0, 0, 0, 0, 
 0, 0, 0, 0, 0, 
 0, 0, 0, 0, 0, 
 0, 0, 0, 0, 0, 
 0, 0, 0, 0, 0, 
 0, 0, 0, 0, 0, 
 0, 0, 0, 0, 0, 
 0, 0, 0, 0, 0, 
 0, 0, 0, 0, 0, 
 0, 0, 0, 0, 0, 
 0, 0, 0, 0, 0, 
 0, 0, 0, 0, 0, 
 0, 0, 0, 0, 0, ; 
 99; 5/25/2023 4:11:54 PM; 485.0598; 01110; 
 0, 0, 0, 0, 0, 
 0, 0, 0, 0, 0, 
 0, 0, 0, 0, 0, 
 0, 0, 0, 0, 0, 
 0, 0, 0, 0, 0, 
 0, 0, 0, 0, 0, 
 0, 0, 0, 0, 0, 
 0, 0, 0, 0, 0, 
 0, 0, 0, 0, 0, 
 0, 0, 0, 0, 0, 
 -0.097, -0.1, 0.1, 0, 0, 
 0.1, 0, 0, -0.1, 0, 
 0, 0, 0, 0, 0, 
 0, 0, 0, 0, 0, 
 -0.1, -0.18, -0.097, 0, 0, 
 0, 0, 0, 0, 0, 
 0, 0, 0, 0, 0, 
 0, 0, 0, 0, 0, 
 0, 0, 0, 0, 0, 
 0, 0, 0, 0, 0, 
 0, 0, 0, 0, 0, 
 0, 0, 0, 0, 0, 
 0, 0, 0, 0, 0, 
 0, 0, 0, 0, 0, 
 0, 0, 0, 0, 0, 
 0, 0, 0, 0, 0, 
 0, 0, 0, 0, 0, 
 0, 0, 0, 0, 0, 
 0, 0, 0, 0, 0, 
 0, 0, 0, 0, 0, 
 0, 0, 0, 0, 0, 
 0, 0, 0, 0, 0, ; 
 
 0, 0, 0, 0, 0, 
 0, 0, 0, 0, 0, 
 0, 0, 0, 0, 0, 
 0, 0, 0, 0, 0, 
 0, 0, 0, 0, 0, 
 0, 0, 0, 0, 0, 
 0, 0, 0, 0, 0, 
 0, 0, 0, 0, 0, 
 0, 0, 0, 0, 0, 
 0, 0, 0, 0, 0, 
 1, 1, 1, 0, 0, 
 1, 0, 0, 1, 0, 
 0, 0, 0, 0, 0, 
 0, 0, 0, 0, 0, 
 1, 2, 1, 0, 0, 
 0, 0, 0, 0, 0, 
 0, 0, 0, 0, 0, 
 0, 0, 0, 0, 0, 
 0, 0, 0, 0, 0, 
 0, 0, 0, 0, 0, 
 0, 0, 0, 0, 0, 
 0, 0, 0, 0, 0, 
 0, 0, 0, 0, 0, 
 0, 0, 0, 0, 0, 
 0, 0, 0, 0, 0, 
 0, 0, 0, 0, 0, 
 0, 0, 0, 0, 0, 
 0, 0, 0, 0, 0, 
 0, 0, 0, 0, 0, 
 0, 0, 0, 0, 0, 
 0, 0, 0, 0, 0, 
 0, 0, 0, 0, 0, ; 
 
 0, 0, 0, 0, 0, 
 0, 0, 0, 0, 0, 
 0, 0, 0, 0, 0, 
 0, 0, 0, 0, 0, 
 0, 0, 0, 0, 0, 
 0, 0, 0, 0, 0, 
 0, 0, 0, 0, 0, 
 0, 0, 0, 0, 0, 
 0, 0, 0, 0, 0, 
 0, 0, 0, 0, 0, 
 0, 0, 1, 0, 0, 
 1, 0, 0, 0, 0, 
 0, 0, 0, 0, 0, 
 0, 0, 0, 0, 0, 
 0, 0, 0, 0, 0, 
 0, 0, 0, 0, 0, 
 0, 0, 0, 0, 0, 
 0, 0, 0, 0, 0, 
 0, 0, 0, 0, 0, 
 0, 0, 0, 0, 0, 
 0, 0, 0, 0, 0, 
 0, 0, 0, 0, 0, 
 0, 0, 0, 0, 0, 
 0, 0, 0, 0, 0, 
 0, 0, 0, 0, 0, 
 0, 0, 0, 0, 0, 
 0, 0, 0, 0, 0, 
 0, 0, 0, 0, 0, 
 0, 0, 0, 0, 0, 
 0, 0, 0, 0, 0, 
 0, 0, 0, 0, 0, 
 0, 0, 0, 0, 0, ; 
 99; 5/25/2023 4:12:43 PM; 534.3508; 01110; 
 0, 0, 0, 0, 0, 
 0, 0, 0, 0, 0, 
 0, 0, 0, 0, 0, 
 0, 0, 0, 0, 0, 
 0, 0, 0, 0, 0, 
 0, 0, 0, 0, 0, 
 0, 0, 0, 0, 0, 
 0, 0, 0, 0, 0, 
 0, 0, 0, 0, 0, 
 0, 0, 0, 0, 0, 
 -0.097, -0.1, 0.1, 0, 0, 
 0.1, 0, 0, -0.1, 0, 
 0, 0, 0, 0, 0, 
 0, 0, 0, 0, 0, 
 -0.1, -0.18, -0.097, -0.1, 0, 
 0, 0, 0, 0, 0, 
 0, 0, 0, 0, 0, 
 0, 0, 0, 0, 0, 
 0, 0, 0, 0, 0, 
 0, 0, 0, 0, 0, 
 0, 0, 0, 0, 0, 
 0, 0, 0, 0, 0, 
 0, 0, 0, 0, 0, 
 0, 0, 0, 0, 0, 
 0, 0, 0, 0, 0, 
 0, 0, 0, 0, 0, 
 0, 0, 0, 0, 0, 
 0, 0, 0, 0, 0, 
 0, 0, 0, 0, 0, 
 0, 0, 0, 0, 0, 
 0, 0, 0, 0, 0, 
 0, 0, 0, 0, 0, ; 
 
 0, 0, 0, 0, 0, 
 0, 0, 0, 0, 0, 
 0, 0, 0, 0, 0, 
 0, 0, 0, 0, 0, 
 0, 0, 0, 0, 0, 
 0, 0, 0, 0, 0, 
 0, 0, 0, 0, 0, 
 0, 0, 0, 0, 0, 
 0, 0, 0, 0, 0, 
 0, 0, 0, 0, 0, 
 1, 1, 1, 0, 0, 
 1, 0, 0, 1, 0, 
 0, 0, 0, 0, 0, 
 0, 0, 0, 0, 0, 
 1, 2, 1, 1, 0, 
 0, 0, 0, 0, 0, 
 0, 0, 0, 0, 0, 
 0, 0, 0, 0, 0, 
 0, 0, 0, 0, 0, 
 0, 0, 0, 0, 0, 
 0, 0, 0, 0, 0, 
 0, 0, 0, 0, 0, 
 0, 0, 0, 0, 0, 
 0, 0, 0, 0, 0, 
 0, 0, 0, 0, 0, 
 0, 0, 0, 0, 0, 
 0, 0, 0, 0, 0, 
 0, 0, 0, 0, 0, 
 0, 0, 0, 0, 0, 
 0, 0, 0, 0, 0, 
 0, 0, 0, 0, 0, 
 0, 0, 0, 0, 0, ; 
 
 0, 0, 0, 0, 0, 
 0, 0, 0, 0, 0, 
 0, 0, 0, 0, 0, 
 0, 0, 0, 0, 0, 
 0, 0, 0, 0, 0, 
 0, 0, 0, 0, 0, 
 0, 0, 0, 0, 0, 
 0, 0, 0, 0, 0, 
 0, 0, 0, 0, 0, 
 0, 0, 0, 0, 0, 
 0, 0, 1, 0, 0, 
 1, 0, 0, 0, 0, 
 0, 0, 0, 0, 0, 
 0, 0, 0, 0, 0, 
 0, 0, 0, 0, 0, 
 0, 0, 0, 0, 0, 
 0, 0, 0, 0, 0, 
 0, 0, 0, 0, 0, 
 0, 0, 0, 0, 0, 
 0, 0, 0, 0, 0, 
 0, 0, 0, 0, 0, 
 0, 0, 0, 0, 0, 
 0, 0, 0, 0, 0, 
 0, 0, 0, 0, 0, 
 0, 0, 0, 0, 0, 
 0, 0, 0, 0, 0, 
 0, 0, 0, 0, 0, 
 0, 0, 0, 0, 0, 
 0, 0, 0, 0, 0, 
 0, 0, 0, 0, 0, 
 0, 0, 0, 0, 0, 
 0, 0, 0, 0, 0, ; 
 99; 5/25/2023 4:13:31 PM; 582.2792; 01110; 
 0, 0, 0, 0, 0, 
 0, 0, 0, 0, 0, 
 0, 0, 0, 0, 0, 
 0, 0, 0, 0, 0, 
 0, 0, 0, 0, 0, 
 0, 0, 0, 0, 0, 
 0, 0, 0, 0, 0, 
 0, 0, 0, 0, 0, 
 0, 0, 0, 0, 0, 
 0, 0, 0, 0, 0, 
 -0.097, -0.1, 0.1, 0, 0, 
 0.1, 0, 0, -0.1, 0, 
 0, 0, 0, 0, 0, 
 0, 0, 0, 0, 0, 
 -0.1, -0.18, -0.097, -0.1, 0.1, 
 0, 0, 0, 0, 0, 
 0, 0, 0, 0, 0, 
 0, 0, 0, 0, 0, 
 0, 0, 0, 0, 0, 
 0, 0, 0, 0, 0, 
 0, 0, 0, 0, 0, 
 0, 0, 0, 0, 0, 
 0, 0, 0, 0, 0, 
 0, 0, 0, 0, 0, 
 0, 0, 0, 0, 0, 
 0, 0, 0, 0, 0, 
 0, 0, 0, 0, 0, 
 0, 0, 0, 0, 0, 
 0, 0, 0, 0, 0, 
 0, 0, 0, 0, 0, 
 0, 0, 0, 0, 0, 
 0, 0, 0, 0, 0, ; 
 
 0, 0, 0, 0, 0, 
 0, 0, 0, 0, 0, 
 0, 0, 0, 0, 0, 
 0, 0, 0, 0, 0, 
 0, 0, 0, 0, 0, 
 0, 0, 0, 0, 0, 
 0, 0, 0, 0, 0, 
 0, 0, 0, 0, 0, 
 0, 0, 0, 0, 0, 
 0, 0, 0, 0, 0, 
 1, 1, 1, 0, 0, 
 1, 0, 0, 1, 0, 
 0, 0, 0, 0, 0, 
 0, 0, 0, 0, 0, 
 1, 2, 1, 1, 1, 
 0, 0, 0, 0, 0, 
 0, 0, 0, 0, 0, 
 0, 0, 0, 0, 0, 
 0, 0, 0, 0, 0, 
 0, 0, 0, 0, 0, 
 0, 0, 0, 0, 0, 
 0, 0, 0, 0, 0, 
 0, 0, 0, 0, 0, 
 0, 0, 0, 0, 0, 
 0, 0, 0, 0, 0, 
 0, 0, 0, 0, 0, 
 0, 0, 0, 0, 0, 
 0, 0, 0, 0, 0, 
 0, 0, 0, 0, 0, 
 0, 0, 0, 0, 0, 
 0, 0, 0, 0, 0, 
 0, 0, 0, 0, 0, ; 
 
 0, 0, 0, 0, 0, 
 0, 0, 0, 0, 0, 
 0, 0, 0, 0, 0, 
 0, 0, 0, 0, 0, 
 0, 0, 0, 0, 0, 
 0, 0, 0, 0, 0, 
 0, 0, 0, 0, 0, 
 0, 0, 0, 0, 0, 
 0, 0, 0, 0, 0, 
 0, 0, 0, 0, 0, 
 0, 0, 1, 0, 0, 
 1, 0, 0, 0, 0, 
 0, 0, 0, 0, 0, 
 0, 0, 0, 0, 0, 
 0, 0, 0, 0, 1, 
 0, 0, 0, 0, 0, 
 0, 0, 0, 0, 0, 
 0, 0, 0, 0, 0, 
 0, 0, 0, 0, 0, 
 0, 0, 0, 0, 0, 
 0, 0, 0, 0, 0, 
 0, 0, 0, 0, 0, 
 0, 0, 0, 0, 0, 
 0, 0, 0, 0, 0, 
 0, 0, 0, 0, 0, 
 0, 0, 0, 0, 0, 
 0, 0, 0, 0, 0, 
 0, 0, 0, 0, 0, 
 0, 0, 0, 0, 0, 
 0, 0, 0, 0, 0, 
 0, 0, 0, 0, 0, 
 0, 0, 0, 0, 0, ; 
 99; 5/25/2023 4:14:14 PM; 625.5399; 11110; 
 0, 0, 0, 0, 0, 
 0, 0, 0, 0, 0, 
 0, 0, 0, 0, 0, 
 0, 0, 0, 0, 0, 
 0, 0, 0, 0, 0, 
 0, 0, 0, 0, 0, 
 0, 0, 0, 0, 0, 
 0, 0, 0, 0, 0, 
 0, 0, 0, 0, 0, 
 0, 0, 0, 0, 0, 
 -0.097, -0.1, 0.1, 0, 0, 
 0.1, 0, 0, -0.1, 0, 
 0, 0, 0, 0, 0, 
 0, 0, 0, 0, 0, 
 -0.1, -0.18, -0.097, -0.1, 0.1, 
 0, 0, 0, 0, 0, 
 0, 0, 0, 0, 0, 
 0, 0, 0, 0, 0, 
 0, 0, 0, 0, 0, 
 0, 0, 0, 0, 0, 
 0, 0, 0, 0, 0, 
 0, 0, 0, 0, 0, 
 0, 0, 0, 0, 0, 
 0, 0, 0, 0, 0, 
 0, 0, 0, 0, 0, 
 0, 0, 0, 0, 0, 
 0, 0, 0, 0, 0, 
 0, 0, 0, 0, 0, 
 0, 0, 0, 0, 0, 
 0, 0, 0, 0, 0, 
 -0.1, 0, 0, 0, 0, 
 0, 0, 0, 0, 0, ; 
 
 0, 0, 0, 0, 0, 
 0, 0, 0, 0, 0, 
 0, 0, 0, 0, 0, 
 0, 0, 0, 0, 0, 
 0, 0, 0, 0, 0, 
 0, 0, 0, 0, 0, 
 0, 0, 0, 0, 0, 
 0, 0, 0, 0, 0, 
 0, 0, 0, 0, 0, 
 0, 0, 0, 0, 0, 
 1, 1, 1, 0, 0, 
 1, 0, 0, 1, 0, 
 0, 0, 0, 0, 0, 
 0, 0, 0, 0, 0, 
 1, 2, 1, 1, 1, 
 0, 0, 0, 0, 0, 
 0, 0, 0, 0, 0, 
 0, 0, 0, 0, 0, 
 0, 0, 0, 0, 0, 
 0, 0, 0, 0, 0, 
 0, 0, 0, 0, 0, 
 0, 0, 0, 0, 0, 
 0, 0, 0, 0, 0, 
 0, 0, 0, 0, 0, 
 0, 0, 0, 0, 0, 
 0, 0, 0, 0, 0, 
 0, 0, 0, 0, 0, 
 0, 0, 0, 0, 0, 
 0, 0, 0, 0, 0, 
 0, 0, 0, 0, 0, 
 1, 0, 0, 0, 0, 
 0, 0, 0, 0, 0, ; 
 
 0, 0, 0, 0, 0, 
 0, 0, 0, 0, 0, 
 0, 0, 0, 0, 0, 
 0, 0, 0, 0, 0, 
 0, 0, 0, 0, 0, 
 0, 0, 0, 0, 0, 
 0, 0, 0, 0, 0, 
 0, 0, 0, 0, 0, 
 0, 0, 0, 0, 0, 
 0, 0, 0, 0, 0, 
 0, 0, 1, 0, 0, 
 1, 0, 0, 0, 0, 
 0, 0, 0, 0, 0, 
 0, 0, 0, 0, 0, 
 0, 0, 0, 0, 1, 
 0, 0, 0, 0, 0, 
 0, 0, 0, 0, 0, 
 0, 0, 0, 0, 0, 
 0, 0, 0, 0, 0, 
 0, 0, 0, 0, 0, 
 0, 0, 0, 0, 0, 
 0, 0, 0, 0, 0, 
 0, 0, 0, 0, 0, 
 0, 0, 0, 0, 0, 
 0, 0, 0, 0, 0, 
 0, 0, 0, 0, 0, 
 0, 0, 0, 0, 0, 
 0, 0, 0, 0, 0, 
 0, 0, 0, 0, 0, 
 0, 0, 0, 0, 0, 
 0, 0, 0, 0, 0, 
 0, 0, 0, 0, 0, ; 
 99; 5/25/2023 4:15:02 PM; 673.4827; 11110; 
 0, 0, 0, 0, 0, 
 0, 0, 0, 0, 0, 
 0, 0, 0, 0, 0, 
 0, 0, 0, 0, 0, 
 0, 0, 0, 0, 0, 
 0, 0, 0, 0, 0, 
 0, 0, 0, 0, 0, 
 0, 0, 0, 0, 0, 
 0, 0, 0, 0, 0, 
 0, 0, 0, 0, 0, 
 -0.097, -0.1, 0.1, 0, 0, 
 0.1, 0, 0, -0.1, 0, 
 0, 0, 0, 0, 0, 
 0, 0, 0, 0, 0, 
 -0.1, -0.18, -0.097, -0.1, 0.1, 
 0, 0, 0, 0, 0, 
 0, 0, 0, 0, 0, 
 0, 0, 0, 0, 0, 
 0, 0, 0, 0, 0, 
 0, 0, 0, 0, 0, 
 0, 0, 0, 0, 0, 
 0, 0, 0, 0, 0, 
 0, 0, 0, 0, 0, 
 0, 0, 0, 0, 0, 
 0, 0, 0, 0, 0, 
 0, 0, 0, 0, 0, 
 0, 0, 0, 0, 0, 
 0, 0, 0, 0, 0, 
 0, 0, 0, 0, 0, 
 0, 0, 0, 0, 0, 
 -0.1, -0.1, 0, 0, 0, 
 0, 0, 0, 0, 0, ; 
 
 0, 0, 0, 0, 0, 
 0, 0, 0, 0, 0, 
 0, 0, 0, 0, 0, 
 0, 0, 0, 0, 0, 
 0, 0, 0, 0, 0, 
 0, 0, 0, 0, 0, 
 0, 0, 0, 0, 0, 
 0, 0, 0, 0, 0, 
 0, 0, 0, 0, 0, 
 0, 0, 0, 0, 0, 
 1, 1, 1, 0, 0, 
 1, 0, 0, 1, 0, 
 0, 0, 0, 0, 0, 
 0, 0, 0, 0, 0, 
 1, 2, 1, 1, 1, 
 0, 0, 0, 0, 0, 
 0, 0, 0, 0, 0, 
 0, 0, 0, 0, 0, 
 0, 0, 0, 0, 0, 
 0, 0, 0, 0, 0, 
 0, 0, 0, 0, 0, 
 0, 0, 0, 0, 0, 
 0, 0, 0, 0, 0, 
 0, 0, 0, 0, 0, 
 0, 0, 0, 0, 0, 
 0, 0, 0, 0, 0, 
 0, 0, 0, 0, 0, 
 0, 0, 0, 0, 0, 
 0, 0, 0, 0, 0, 
 0, 0, 0, 0, 0, 
 1, 1, 0, 0, 0, 
 0, 0, 0, 0, 0, ; 
 
 0, 0, 0, 0, 0, 
 0, 0, 0, 0, 0, 
 0, 0, 0, 0, 0, 
 0, 0, 0, 0, 0, 
 0, 0, 0, 0, 0, 
 0, 0, 0, 0, 0, 
 0, 0, 0, 0, 0, 
 0, 0, 0, 0, 0, 
 0, 0, 0, 0, 0, 
 0, 0, 0, 0, 0, 
 0, 0, 1, 0, 0, 
 1, 0, 0, 0, 0, 
 0, 0, 0, 0, 0, 
 0, 0, 0, 0, 0, 
 0, 0, 0, 0, 1, 
 0, 0, 0, 0, 0, 
 0, 0, 0, 0, 0, 
 0, 0, 0, 0, 0, 
 0, 0, 0, 0, 0, 
 0, 0, 0, 0, 0, 
 0, 0, 0, 0, 0, 
 0, 0, 0, 0, 0, 
 0, 0, 0, 0, 0, 
 0, 0, 0, 0, 0, 
 0, 0, 0, 0, 0, 
 0, 0, 0, 0, 0, 
 0, 0, 0, 0, 0, 
 0, 0, 0, 0, 0, 
 0, 0, 0, 0, 0, 
 0, 0, 0, 0, 0, 
 0, 0, 0, 0, 0, 
 0, 0, 0, 0, 0, ; 
 99; 5/25/2023 4:15:48 PM; 719.1733; 11110; 
 0, 0, 0, 0, 0, 
 0, 0, 0, 0, 0, 
 0, 0, 0, 0, 0, 
 0, 0, 0, 0, 0, 
 0, 0, 0, 0, 0, 
 0, 0, 0, 0, 0, 
 0, 0, 0, 0, 0, 
 0, 0, 0, 0, 0, 
 0, 0, 0, 0, 0, 
 0, 0, 0, 0, 0, 
 -0.097, -0.1, 0.1, 0, 0, 
 0.1, 0, 0, -0.1, 0, 
 0, 0, 0, 0, 0, 
 0, 0, 0, 0, 0, 
 -0.1, -0.18, -0.097, -0.1, 0.1, 
 0, 0, 0, 0, 0, 
 0, 0, 0, 0, 0, 
 0, 0, 0, 0, 0, 
 0, 0, 0, 0, 0, 
 0, 0, 0, 0, 0, 
 0, 0, 0, 0, 0, 
 0, 0, 0, 0, 0, 
 0, 0, 0, 0, 0, 
 0, 0, 0, 0, 0, 
 0, 0, 0, 0, 0, 
 0, 0, 0, 0, 0, 
 0, 0, 0, 0, 0, 
 0, 0, 0, 0, 0, 
 0, 0, 0, 0, 0, 
 0, 0, 0, 0, 0, 
 -0.1, -0.1, -0.1, 0, 0, 
 0, 0, 0, 0, 0, ; 
 
 0, 0, 0, 0, 0, 
 0, 0, 0, 0, 0, 
 0, 0, 0, 0, 0, 
 0, 0, 0, 0, 0, 
 0, 0, 0, 0, 0, 
 0, 0, 0, 0, 0, 
 0, 0, 0, 0, 0, 
 0, 0, 0, 0, 0, 
 0, 0, 0, 0, 0, 
 0, 0, 0, 0, 0, 
 1, 1, 1, 0, 0, 
 1, 0, 0, 1, 0, 
 0, 0, 0, 0, 0, 
 0, 0, 0, 0, 0, 
 1, 2, 1, 1, 1, 
 0, 0, 0, 0, 0, 
 0, 0, 0, 0, 0, 
 0, 0, 0, 0, 0, 
 0, 0, 0, 0, 0, 
 0, 0, 0, 0, 0, 
 0, 0, 0, 0, 0, 
 0, 0, 0, 0, 0, 
 0, 0, 0, 0, 0, 
 0, 0, 0, 0, 0, 
 0, 0, 0, 0, 0, 
 0, 0, 0, 0, 0, 
 0, 0, 0, 0, 0, 
 0, 0, 0, 0, 0, 
 0, 0, 0, 0, 0, 
 0, 0, 0, 0, 0, 
 1, 1, 1, 0, 0, 
 0, 0, 0, 0, 0, ; 
 
 0, 0, 0, 0, 0, 
 0, 0, 0, 0, 0, 
 0, 0, 0, 0, 0, 
 0, 0, 0, 0, 0, 
 0, 0, 0, 0, 0, 
 0, 0, 0, 0, 0, 
 0, 0, 0, 0, 0, 
 0, 0, 0, 0, 0, 
 0, 0, 0, 0, 0, 
 0, 0, 0, 0, 0, 
 0, 0, 1, 0, 0, 
 1, 0, 0, 0, 0, 
 0, 0, 0, 0, 0, 
 0, 0, 0, 0, 0, 
 0, 0, 0, 0, 1, 
 0, 0, 0, 0, 0, 
 0, 0, 0, 0, 0, 
 0, 0, 0, 0, 0, 
 0, 0, 0, 0, 0, 
 0, 0, 0, 0, 0, 
 0, 0, 0, 0, 0, 
 0, 0, 0, 0, 0, 
 0, 0, 0, 0, 0, 
 0, 0, 0, 0, 0, 
 0, 0, 0, 0, 0, 
 0, 0, 0, 0, 0, 
 0, 0, 0, 0, 0, 
 0, 0, 0, 0, 0, 
 0, 0, 0, 0, 0, 
 0, 0, 0, 0, 0, 
 0, 0, 0, 0, 0, 
 0, 0, 0, 0, 0, ; 
 99; 5/25/2023 4:16:34 PM; 765.0336; 11110; 
 0, 0, 0, 0, 0, 
 0, 0, 0, 0, 0, 
 0, 0, 0, 0, 0, 
 0, 0, 0, 0, 0, 
 0, 0, 0, 0, 0, 
 0, 0, 0, 0, 0, 
 0, 0, 0, 0, 0, 
 0, 0, 0, 0, 0, 
 0, 0, 0, 0, 0, 
 0, 0, 0, 0, 0, 
 -0.097, -0.1, 0.1, 0, 0, 
 0.1, 0, 0, -0.1, 0, 
 0, 0, 0, 0, 0, 
 0, 0, 0, 0, 0, 
 -0.1, -0.18, -0.097, -0.1, 0.1, 
 0, 0, 0, 0, 0, 
 0, 0, 0, 0, 0, 
 0, 0, 0, 0, 0, 
 0, 0, 0, 0, 0, 
 0, 0, 0, 0, 0, 
 0, 0, 0, 0, 0, 
 0, 0, 0, 0, 0, 
 0, 0, 0, 0, 0, 
 0, 0, 0, 0, 0, 
 0, 0, 0, 0, 0, 
 0, 0, 0, 0, 0, 
 0, 0, 0, 0, 0, 
 0, 0, 0, 0, 0, 
 0, 0, 0, 0, 0, 
 0, 0, 0, 0, 0, 
 -0.1, -0.1, -0.1, -0.1, 0, 
 0, 0, 0, 0, 0, ; 
 
 0, 0, 0, 0, 0, 
 0, 0, 0, 0, 0, 
 0, 0, 0, 0, 0, 
 0, 0, 0, 0, 0, 
 0, 0, 0, 0, 0, 
 0, 0, 0, 0, 0, 
 0, 0, 0, 0, 0, 
 0, 0, 0, 0, 0, 
 0, 0, 0, 0, 0, 
 0, 0, 0, 0, 0, 
 1, 1, 1, 0, 0, 
 1, 0, 0, 1, 0, 
 0, 0, 0, 0, 0, 
 0, 0, 0, 0, 0, 
 1, 2, 1, 1, 1, 
 0, 0, 0, 0, 0, 
 0, 0, 0, 0, 0, 
 0, 0, 0, 0, 0, 
 0, 0, 0, 0, 0, 
 0, 0, 0, 0, 0, 
 0, 0, 0, 0, 0, 
 0, 0, 0, 0, 0, 
 0, 0, 0, 0, 0, 
 0, 0, 0, 0, 0, 
 0, 0, 0, 0, 0, 
 0, 0, 0, 0, 0, 
 0, 0, 0, 0, 0, 
 0, 0, 0, 0, 0, 
 0, 0, 0, 0, 0, 
 0, 0, 0, 0, 0, 
 1, 1, 1, 1, 0, 
 0, 0, 0, 0, 0, ; 
 
 0, 0, 0, 0, 0, 
 0, 0, 0, 0, 0, 
 0, 0, 0, 0, 0, 
 0, 0, 0, 0, 0, 
 0, 0, 0, 0, 0, 
 0, 0, 0, 0, 0, 
 0, 0, 0, 0, 0, 
 0, 0, 0, 0, 0, 
 0, 0, 0, 0, 0, 
 0, 0, 0, 0, 0, 
 0, 0, 1, 0, 0, 
 1, 0, 0, 0, 0, 
 0, 0, 0, 0, 0, 
 0, 0, 0, 0, 0, 
 0, 0, 0, 0, 1, 
 0, 0, 0, 0, 0, 
 0, 0, 0, 0, 0, 
 0, 0, 0, 0, 0, 
 0, 0, 0, 0, 0, 
 0, 0, 0, 0, 0, 
 0, 0, 0, 0, 0, 
 0, 0, 0, 0, 0, 
 0, 0, 0, 0, 0, 
 0, 0, 0, 0, 0, 
 0, 0, 0, 0, 0, 
 0, 0, 0, 0, 0, 
 0, 0, 0, 0, 0, 
 0, 0, 0, 0, 0, 
 0, 0, 0, 0, 0, 
 0, 0, 0, 0, 0, 
 0, 0, 0, 0, 0, 
 0, 0, 0, 0, 0, ; 
 99; 5/25/2023 4:17:20 PM; 811.5447; 11110; 
 0, 0, 0, 0, 0, 
 0, 0, 0, 0, 0, 
 0, 0, 0, 0, 0, 
 0, 0, 0, 0, 0, 
 0, 0, 0, 0, 0, 
 0, 0, 0, 0, 0, 
 0, 0, 0, 0, 0, 
 0, 0, 0, 0, 0, 
 0, 0, 0, 0, 0, 
 0, 0, 0, 0, 0, 
 -0.097, -0.1, 0.1, 0, 0, 
 0.1, 0, 0, -0.1, 0, 
 0, 0, 0, 0, 0, 
 0, 0, 0, 0, 0, 
 -0.1, -0.18, -0.097, -0.1, 0.1, 
 0, 0, 0, 0, 0, 
 0, 0, 0, 0, 0, 
 0, 0, 0, 0, 0, 
 0, 0, 0, 0, 0, 
 0, 0, 0, 0, 0, 
 0, 0, 0, 0, 0, 
 0, 0, 0, 0, 0, 
 0, 0, 0, 0, 0, 
 0, 0, 0, 0, 0, 
 0, 0, 0, 0, 0, 
 0, 0, 0, 0, 0, 
 0, 0, 0, 0, 0, 
 0, 0, 0, 0, 0, 
 0, 0, 0, 0, 0, 
 0, 0, 0, 0, 0, 
 -0.1, -0.1, -0.1, -0.1, -0.097, 
 0, 0, 0, 0, 0, ; 
 
 0, 0, 0, 0, 0, 
 0, 0, 0, 0, 0, 
 0, 0, 0, 0, 0, 
 0, 0, 0, 0, 0, 
 0, 0, 0, 0, 0, 
 0, 0, 0, 0, 0, 
 0, 0, 0, 0, 0, 
 0, 0, 0, 0, 0, 
 0, 0, 0, 0, 0, 
 0, 0, 0, 0, 0, 
 1, 1, 1, 0, 0, 
 1, 0, 0, 1, 0, 
 0, 0, 0, 0, 0, 
 0, 0, 0, 0, 0, 
 1, 2, 1, 1, 1, 
 0, 0, 0, 0, 0, 
 0, 0, 0, 0, 0, 
 0, 0, 0, 0, 0, 
 0, 0, 0, 0, 0, 
 0, 0, 0, 0, 0, 
 0, 0, 0, 0, 0, 
 0, 0, 0, 0, 0, 
 0, 0, 0, 0, 0, 
 0, 0, 0, 0, 0, 
 0, 0, 0, 0, 0, 
 0, 0, 0, 0, 0, 
 0, 0, 0, 0, 0, 
 0, 0, 0, 0, 0, 
 0, 0, 0, 0, 0, 
 0, 0, 0, 0, 0, 
 1, 1, 1, 1, 1, 
 0, 0, 0, 0, 0, ; 
 
 0, 0, 0, 0, 0, 
 0, 0, 0, 0, 0, 
 0, 0, 0, 0, 0, 
 0, 0, 0, 0, 0, 
 0, 0, 0, 0, 0, 
 0, 0, 0, 0, 0, 
 0, 0, 0, 0, 0, 
 0, 0, 0, 0, 0, 
 0, 0, 0, 0, 0, 
 0, 0, 0, 0, 0, 
 0, 0, 1, 0, 0, 
 1, 0, 0, 0, 0, 
 0, 0, 0, 0, 0, 
 0, 0, 0, 0, 0, 
 0, 0, 0, 0, 1, 
 0, 0, 0, 0, 0, 
 0, 0, 0, 0, 0, 
 0, 0, 0, 0, 0, 
 0, 0, 0, 0, 0, 
 0, 0, 0, 0, 0, 
 0, 0, 0, 0, 0, 
 0, 0, 0, 0, 0, 
 0, 0, 0, 0, 0, 
 0, 0, 0, 0, 0, 
 0, 0, 0, 0, 0, 
 0, 0, 0, 0, 0, 
 0, 0, 0, 0, 0, 
 0, 0, 0, 0, 0, 
 0, 0, 0, 0, 0, 
 0, 0, 0, 0, 0, 
 0, 0, 0, 0, 0, 
 0, 0, 0, 0, 0, ; 
 99; 5/25/2023 4:18:02 PM; 853.0565; 11110; 
 0, 0, 0, 0, 0, 
 0, 0, 0, 0, 0, 
 0, 0, 0, 0, 0, 
 0, 0, 0, 0, 0, 
 0, 0, 0, 0, 0, 
 0, 0, 0, 0, 0, 
 0, 0, 0, 0, 0, 
 0, 0, 0, 0, 0, 
 0, 0, 0, 0, 0, 
 0, 0, 0, 0, 0, 
 -0.097, -0.1, 0.1, 0, 0, 
 0.1, 0, 0, -0.1, 0, 
 0, 0, 0, 0, 0, 
 0, 0, 0, 0, 0, 
 -0.1, -0.18, -0.097, -0.1, 0.1, 
 0, 0, 0, 0, 0, 
 0, 0, 0, 0, 0, 
 0, 0, 0, 0, 0, 
 0, 0, 0, 0, 0, 
 0, 0, 0, 0, 0, 
 0, 0, 0, 0, 0, 
 0, 0, 0, 0, 0, 
 0, 0, 0, 0, 0, 
 0, 0, 0, 0, 0, 
 0, 0, 0, 0, 0, 
 0, 0, 0, 0, 0, 
 0, 0, 0, 0, 0, 
 0, 0, 0, 0, 0, 
 0, 0, 0, 0, 0, 
 0, 0, 0, 0, 0, 
 -0.1, -0.1, -0.1, -0.18, -0.097, 
 0, 0, 0, 0, 0, ; 
 
 0, 0, 0, 0, 0, 
 0, 0, 0, 0, 0, 
 0, 0, 0, 0, 0, 
 0, 0, 0, 0, 0, 
 0, 0, 0, 0, 0, 
 0, 0, 0, 0, 0, 
 0, 0, 0, 0, 0, 
 0, 0, 0, 0, 0, 
 0, 0, 0, 0, 0, 
 0, 0, 0, 0, 0, 
 1, 1, 1, 0, 0, 
 1, 0, 0, 1, 0, 
 0, 0, 0, 0, 0, 
 0, 0, 0, 0, 0, 
 1, 2, 1, 1, 1, 
 0, 0, 0, 0, 0, 
 0, 0, 0, 0, 0, 
 0, 0, 0, 0, 0, 
 0, 0, 0, 0, 0, 
 0, 0, 0, 0, 0, 
 0, 0, 0, 0, 0, 
 0, 0, 0, 0, 0, 
 0, 0, 0, 0, 0, 
 0, 0, 0, 0, 0, 
 0, 0, 0, 0, 0, 
 0, 0, 0, 0, 0, 
 0, 0, 0, 0, 0, 
 0, 0, 0, 0, 0, 
 0, 0, 0, 0, 0, 
 0, 0, 0, 0, 0, 
 1, 1, 1, 2, 1, 
 0, 0, 0, 0, 0, ; 
 
 0, 0, 0, 0, 0, 
 0, 0, 0, 0, 0, 
 0, 0, 0, 0, 0, 
 0, 0, 0, 0, 0, 
 0, 0, 0, 0, 0, 
 0, 0, 0, 0, 0, 
 0, 0, 0, 0, 0, 
 0, 0, 0, 0, 0, 
 0, 0, 0, 0, 0, 
 0, 0, 0, 0, 0, 
 0, 0, 1, 0, 0, 
 1, 0, 0, 0, 0, 
 0, 0, 0, 0, 0, 
 0, 0, 0, 0, 0, 
 0, 0, 0, 0, 1, 
 0, 0, 0, 0, 0, 
 0, 0, 0, 0, 0, 
 0, 0, 0, 0, 0, 
 0, 0, 0, 0, 0, 
 0, 0, 0, 0, 0, 
 0, 0, 0, 0, 0, 
 0, 0, 0, 0, 0, 
 0, 0, 0, 0, 0, 
 0, 0, 0, 0, 0, 
 0, 0, 0, 0, 0, 
 0, 0, 0, 0, 0, 
 0, 0, 0, 0, 0, 
 0, 0, 0, 0, 0, 
 0, 0, 0, 0, 0, 
 0, 0, 0, 0, 0, 
 0, 0, 0, 0, 0, 
 0, 0, 0, 0, 0, ; 
 99; 5/25/2023 4:18:50 PM; 901.2197; 11110; 
 0, 0, 0, 0, 0, 
 0, 0, 0, 0, 0, 
 0, 0, 0, 0, 0, 
 0, 0, 0, 0, 0, 
 0, 0, 0, 0, 0, 
 0, 0, 0, 0, 0, 
 0, 0, 0, 0, 0, 
 0, 0, 0, 0, 0, 
 0, 0, 0, 0, 0, 
 0, 0, 0, 0, 0, 
 -0.097, -0.1, 0.1, 0, 0, 
 0.1, 0, 0, -0.1, 0, 
 0, 0, 0, 0, 0, 
 0, 0, 0, 0, 0, 
 -0.1, -0.18, -0.097, -0.1, 0.1, 
 0, 0, 0, 0, 0, 
 0, 0, 0, 0, 0, 
 0, 0, 0, 0, 0, 
 0, 0, 0, 0, 0, 
 0, 0, 0, 0, 0, 
 0, 0, 0, 0, 0, 
 0, 0, 0, 0, 0, 
 0, 0, 0, 0, 0, 
 0, 0, 0, 0, 0, 
 0, 0, 0, 0, 0, 
 0, 0, 0, 0, 0, 
 0, 0, 0, 0, 0, 
 0, 0, 0, 0, 0, 
 0, 0, 0, 0, 0, 
 0, 0, 0, 0, 0, 
 -0.1, -0.1, -0.1, -0.18, -0.1746, 
 0, 0, 0, 0, 0, ; 
 
 0, 0, 0, 0, 0, 
 0, 0, 0, 0, 0, 
 0, 0, 0, 0, 0, 
 0, 0, 0, 0, 0, 
 0, 0, 0, 0, 0, 
 0, 0, 0, 0, 0, 
 0, 0, 0, 0, 0, 
 0, 0, 0, 0, 0, 
 0, 0, 0, 0, 0, 
 0, 0, 0, 0, 0, 
 1, 1, 1, 0, 0, 
 1, 0, 0, 1, 0, 
 0, 0, 0, 0, 0, 
 0, 0, 0, 0, 0, 
 1, 2, 1, 1, 1, 
 0, 0, 0, 0, 0, 
 0, 0, 0, 0, 0, 
 0, 0, 0, 0, 0, 
 0, 0, 0, 0, 0, 
 0, 0, 0, 0, 0, 
 0, 0, 0, 0, 0, 
 0, 0, 0, 0, 0, 
 0, 0, 0, 0, 0, 
 0, 0, 0, 0, 0, 
 0, 0, 0, 0, 0, 
 0, 0, 0, 0, 0, 
 0, 0, 0, 0, 0, 
 0, 0, 0, 0, 0, 
 0, 0, 0, 0, 0, 
 0, 0, 0, 0, 0, 
 1, 1, 1, 2, 2, 
 0, 0, 0, 0, 0, ; 
 
 0, 0, 0, 0, 0, 
 0, 0, 0, 0, 0, 
 0, 0, 0, 0, 0, 
 0, 0, 0, 0, 0, 
 0, 0, 0, 0, 0, 
 0, 0, 0, 0, 0, 
 0, 0, 0, 0, 0, 
 0, 0, 0, 0, 0, 
 0, 0, 0, 0, 0, 
 0, 0, 0, 0, 0, 
 0, 0, 1, 0, 0, 
 1, 0, 0, 0, 0, 
 0, 0, 0, 0, 0, 
 0, 0, 0, 0, 0, 
 0, 0, 0, 0, 1, 
 0, 0, 0, 0, 0, 
 0, 0, 0, 0, 0, 
 0, 0, 0, 0, 0, 
 0, 0, 0, 0, 0, 
 0, 0, 0, 0, 0, 
 0, 0, 0, 0, 0, 
 0, 0, 0, 0, 0, 
 0, 0, 0, 0, 0, 
 0, 0, 0, 0, 0, 
 0, 0, 0, 0, 0, 
 0, 0, 0, 0, 0, 
 0, 0, 0, 0, 0, 
 0, 0, 0, 0, 0, 
 0, 0, 0, 0, 0, 
 0, 0, 0, 0, 0, 
 0, 0, 0, 0, 0, 
 0, 0, 0, 0, 0, ; 
 99; 5/25/2023 4:19:33 PM; 944.3294; 11110; 
 0, 0, 0, 0, 0, 
 0, 0, 0, 0, 0, 
 0, 0, 0, 0, 0, 
 0, 0, 0, 0, 0, 
 0, 0, 0, 0, 0, 
 0, 0, 0, 0, 0, 
 0, 0, 0, 0, 0, 
 0, 0, 0, 0, 0, 
 0, 0, 0, 0, 0, 
 0, 0, 0, 0, 0, 
 -0.097, -0.1, 0.1, 0, 0, 
 0.1, 0, 0, -0.1, 0, 
 0, 0, 0, 0, 0, 
 0, 0, 0, 0, 0, 
 -0.1, -0.18, -0.097, -0.1, 0.1, 
 0, 0, 0, 0, 0, 
 0, 0, 0, 0, 0, 
 0, 0, 0, 0, 0, 
 0, 0, 0, 0, 0, 
 0, 0, 0, 0, 0, 
 0, 0, 0, 0, 0, 
 0, 0, 0, 0, 0, 
 0, 0, 0, 0, 0, 
 0, 0, 0, 0, 0, 
 0, 0, 0, 0, 0, 
 0, 0, 0, 0, 0, 
 0, 0, 0, 0, 0, 
 0, 0, 0, 0, 0, 
 0, 0, 0, 0, 0, 
 0, 0, 0, 0, 0, 
 -0.1, -0.1, -0.1, -0.244, -0.1746, 
 0, 0, 0, 0, 0, ; 
 
 0, 0, 0, 0, 0, 
 0, 0, 0, 0, 0, 
 0, 0, 0, 0, 0, 
 0, 0, 0, 0, 0, 
 0, 0, 0, 0, 0, 
 0, 0, 0, 0, 0, 
 0, 0, 0, 0, 0, 
 0, 0, 0, 0, 0, 
 0, 0, 0, 0, 0, 
 0, 0, 0, 0, 0, 
 1, 1, 1, 0, 0, 
 1, 0, 0, 1, 0, 
 0, 0, 0, 0, 0, 
 0, 0, 0, 0, 0, 
 1, 2, 1, 1, 1, 
 0, 0, 0, 0, 0, 
 0, 0, 0, 0, 0, 
 0, 0, 0, 0, 0, 
 0, 0, 0, 0, 0, 
 0, 0, 0, 0, 0, 
 0, 0, 0, 0, 0, 
 0, 0, 0, 0, 0, 
 0, 0, 0, 0, 0, 
 0, 0, 0, 0, 0, 
 0, 0, 0, 0, 0, 
 0, 0, 0, 0, 0, 
 0, 0, 0, 0, 0, 
 0, 0, 0, 0, 0, 
 0, 0, 0, 0, 0, 
 0, 0, 0, 0, 0, 
 1, 1, 1, 3, 2, 
 0, 0, 0, 0, 0, ; 
 
 0, 0, 0, 0, 0, 
 0, 0, 0, 0, 0, 
 0, 0, 0, 0, 0, 
 0, 0, 0, 0, 0, 
 0, 0, 0, 0, 0, 
 0, 0, 0, 0, 0, 
 0, 0, 0, 0, 0, 
 0, 0, 0, 0, 0, 
 0, 0, 0, 0, 0, 
 0, 0, 0, 0, 0, 
 0, 0, 1, 0, 0, 
 1, 0, 0, 0, 0, 
 0, 0, 0, 0, 0, 
 0, 0, 0, 0, 0, 
 0, 0, 0, 0, 1, 
 0, 0, 0, 0, 0, 
 0, 0, 0, 0, 0, 
 0, 0, 0, 0, 0, 
 0, 0, 0, 0, 0, 
 0, 0, 0, 0, 0, 
 0, 0, 0, 0, 0, 
 0, 0, 0, 0, 0, 
 0, 0, 0, 0, 0, 
 0, 0, 0, 0, 0, 
 0, 0, 0, 0, 0, 
 0, 0, 0, 0, 0, 
 0, 0, 0, 0, 0, 
 0, 0, 0, 0, 0, 
 0, 0, 0, 0, 0, 
 0, 0, 0, 0, 0, 
 0, 0, 0, 0, 0, 
 0, 0, 0, 0, 0, ; 
 