99; 1/31/2023 6:48:00 PM; 168.5099; 01010; 
 0, 0, 0, 0, 0, 
 0, 0, 0, 0, 0, 
 0, 0, 0, 0, 0, 
 0, 0, 0, 0, 0, 
 0, 0, 0, 0, 0, 
 0, 0, 0, 0, 0, 
 0, 0, 0, 0, 0, 
 0, 0, 0, 0, 0, 
 0, 0, 0, 0, 0, 
 0, 0, 0, 0, 0, 
 0, 0, 0.1, 0, 0, 
 0, 0, 0, 0, 0, 
 0, 0, 0, 0, 0, 
 0, 0, 0, 0, 0, 
 0, 0, 0, 0, 0, 
 0, 0, 0, 0, 0, 
 0, 0, 0, 0, 0, 
 0, 0, 0, 0, 0, 
 0, 0, 0, 0, 0, 
 0, 0, 0, 0, 0, 
 0, 0, 0, 0, 0, 
 0, 0, 0, 0, 0, 
 0, 0, 0, 0, 0, 
 0, 0, 0, 0, 0, 
 0, 0, 0, 0, 0, 
 0, 0, 0, 0, 0, 
 0, 0, 0, 0, 0, 
 0, 0, 0, 0, 0, 
 0, 0, 0, 0, 0, 
 0, 0, 0, 0, 0, 
 0, 0, 0, 0, 0, 
 0, 0, 0, 0, 0, ; 
 
 0, 0, 0, 0, 0, 
 0, 0, 0, 0, 0, 
 0, 0, 0, 0, 0, 
 0, 0, 0, 0, 0, 
 0, 0, 0, 0, 0, 
 0, 0, 0, 0, 0, 
 0, 0, 0, 0, 0, 
 0, 0, 0, 0, 0, 
 0, 0, 0, 0, 0, 
 0, 0, 0, 0, 0, 
 0, 0, 1, 0, 0, 
 0, 0, 0, 0, 0, 
 0, 0, 0, 0, 0, 
 0, 0, 0, 0, 0, 
 0, 0, 0, 0, 0, 
 0, 0, 0, 0, 0, 
 0, 0, 0, 0, 0, 
 0, 0, 0, 0, 0, 
 0, 0, 0, 0, 0, 
 0, 0, 0, 0, 0, 
 0, 0, 0, 0, 0, 
 0, 0, 0, 0, 0, 
 0, 0, 0, 0, 0, 
 0, 0, 0, 0, 0, 
 0, 0, 0, 0, 0, 
 0, 0, 0, 0, 0, 
 0, 0, 0, 0, 0, 
 0, 0, 0, 0, 0, 
 0, 0, 0, 0, 0, 
 0, 0, 0, 0, 0, 
 0, 0, 0, 0, 0, 
 0, 0, 0, 0, 0, ; 
 
 0, 0, 0, 0, 0, 
 0, 0, 0, 0, 0, 
 0, 0, 0, 0, 0, 
 0, 0, 0, 0, 0, 
 0, 0, 0, 0, 0, 
 0, 0, 0, 0, 0, 
 0, 0, 0, 0, 0, 
 0, 0, 0, 0, 0, 
 0, 0, 0, 0, 0, 
 0, 0, 0, 0, 0, 
 0, 0, 1, 0, 0, 
 0, 0, 0, 0, 0, 
 0, 0, 0, 0, 0, 
 0, 0, 0, 0, 0, 
 0, 0, 0, 0, 0, 
 0, 0, 0, 0, 0, 
 0, 0, 0, 0, 0, 
 0, 0, 0, 0, 0, 
 0, 0, 0, 0, 0, 
 0, 0, 0, 0, 0, 
 0, 0, 0, 0, 0, 
 0, 0, 0, 0, 0, 
 0, 0, 0, 0, 0, 
 0, 0, 0, 0, 0, 
 0, 0, 0, 0, 0, 
 0, 0, 0, 0, 0, 
 0, 0, 0, 0, 0, 
 0, 0, 0, 0, 0, 
 0, 0, 0, 0, 0, 
 0, 0, 0, 0, 0, 
 0, 0, 0, 0, 0, 
 0, 0, 0, 0, 0, ; 
 99; 1/31/2023 6:49:04 PM; 232.386; 01110; 
 0, 0, 0, 0, 0, 
 0, 0, 0, 0, 0, 
 0, 0, 0, 0, 0, 
 0, 0, 0, 0, 0, 
 0, 0, 0, 0, 0, 
 0, 0, 0, 0, 0, 
 0, 0, 0, 0, 0, 
 0, 0, 0, 0, 0, 
 0, 0, 0, 0, 0, 
 0, 0, 0, 0, 0, 
 0, 0, 0.1, 0, 0, 
 0, 0, 0, 0, 0, 
 0, 0, 0, 0, 0, 
 0, 0, 0, 0, 0, 
 0.1, 0, 0, 0, 0, 
 0, 0, 0, 0, 0, 
 0, 0, 0, 0, 0, 
 0, 0, 0, 0, 0, 
 0, 0, 0, 0, 0, 
 0, 0, 0, 0, 0, 
 0, 0, 0, 0, 0, 
 0, 0, 0, 0, 0, 
 0, 0, 0, 0, 0, 
 0, 0, 0, 0, 0, 
 0, 0, 0, 0, 0, 
 0, 0, 0, 0, 0, 
 0, 0, 0, 0, 0, 
 0, 0, 0, 0, 0, 
 0, 0, 0, 0, 0, 
 0, 0, 0, 0, 0, 
 0, 0, 0, 0, 0, 
 0, 0, 0, 0, 0, ; 
 
 0, 0, 0, 0, 0, 
 0, 0, 0, 0, 0, 
 0, 0, 0, 0, 0, 
 0, 0, 0, 0, 0, 
 0, 0, 0, 0, 0, 
 0, 0, 0, 0, 0, 
 0, 0, 0, 0, 0, 
 0, 0, 0, 0, 0, 
 0, 0, 0, 0, 0, 
 0, 0, 0, 0, 0, 
 0, 0, 1, 0, 0, 
 0, 0, 0, 0, 0, 
 0, 0, 0, 0, 0, 
 0, 0, 0, 0, 0, 
 1, 0, 0, 0, 0, 
 0, 0, 0, 0, 0, 
 0, 0, 0, 0, 0, 
 0, 0, 0, 0, 0, 
 0, 0, 0, 0, 0, 
 0, 0, 0, 0, 0, 
 0, 0, 0, 0, 0, 
 0, 0, 0, 0, 0, 
 0, 0, 0, 0, 0, 
 0, 0, 0, 0, 0, 
 0, 0, 0, 0, 0, 
 0, 0, 0, 0, 0, 
 0, 0, 0, 0, 0, 
 0, 0, 0, 0, 0, 
 0, 0, 0, 0, 0, 
 0, 0, 0, 0, 0, 
 0, 0, 0, 0, 0, 
 0, 0, 0, 0, 0, ; 
 
 0, 0, 0, 0, 0, 
 0, 0, 0, 0, 0, 
 0, 0, 0, 0, 0, 
 0, 0, 0, 0, 0, 
 0, 0, 0, 0, 0, 
 0, 0, 0, 0, 0, 
 0, 0, 0, 0, 0, 
 0, 0, 0, 0, 0, 
 0, 0, 0, 0, 0, 
 0, 0, 0, 0, 0, 
 0, 0, 1, 0, 0, 
 0, 0, 0, 0, 0, 
 0, 0, 0, 0, 0, 
 0, 0, 0, 0, 0, 
 1, 0, 0, 0, 0, 
 0, 0, 0, 0, 0, 
 0, 0, 0, 0, 0, 
 0, 0, 0, 0, 0, 
 0, 0, 0, 0, 0, 
 0, 0, 0, 0, 0, 
 0, 0, 0, 0, 0, 
 0, 0, 0, 0, 0, 
 0, 0, 0, 0, 0, 
 0, 0, 0, 0, 0, 
 0, 0, 0, 0, 0, 
 0, 0, 0, 0, 0, 
 0, 0, 0, 0, 0, 
 0, 0, 0, 0, 0, 
 0, 0, 0, 0, 0, 
 0, 0, 0, 0, 0, 
 0, 0, 0, 0, 0, 
 0, 0, 0, 0, 0, ; 
 99; 1/31/2023 6:50:09 PM; 297.234; 01111; 
 0, 0, 0, 0, 0, 
 0, 0, 0, 0, 0, 
 0, 0, 0, 0, 0, 
 0, 0, 0, 0, 0, 
 0, 0, 0, 0, 0, 
 0, 0, 0, 0, 0, 
 0, 0, 0, 0, 0, 
 0, 0, 0, 0, 0, 
 0, 0, 0, 0, 0, 
 0, 0, 0, 0, 0, 
 0, 0, 0.1, 0, 0, 
 0, 0, 0, 0, 0, 
 0, 0, 0, 0, 0, 
 0, 0, 0, 0, 0, 
 0.1, 0, 0, 0, 0, 
 0, 0, 0, -0.1, 0, 
 0, 0, 0, 0, 0, 
 0, 0, 0, 0, 0, 
 0, 0, 0, 0, 0, 
 0, 0, 0, 0, 0, 
 0, 0, 0, 0, 0, 
 0, 0, 0, 0, 0, 
 0, 0, 0, 0, 0, 
 0, 0, 0, 0, 0, 
 0, 0, 0, 0, 0, 
 0, 0, 0, 0, 0, 
 0, 0, 0, 0, 0, 
 0, 0, 0, 0, 0, 
 0, 0, 0, 0, 0, 
 0, 0, 0, 0, 0, 
 0, 0, 0, 0, 0, 
 0, 0, 0, 0, 0, ; 
 
 0, 0, 0, 0, 0, 
 0, 0, 0, 0, 0, 
 0, 0, 0, 0, 0, 
 0, 0, 0, 0, 0, 
 0, 0, 0, 0, 0, 
 0, 0, 0, 0, 0, 
 0, 0, 0, 0, 0, 
 0, 0, 0, 0, 0, 
 0, 0, 0, 0, 0, 
 0, 0, 0, 0, 0, 
 0, 0, 1, 0, 0, 
 0, 0, 0, 0, 0, 
 0, 0, 0, 0, 0, 
 0, 0, 0, 0, 0, 
 1, 0, 0, 0, 0, 
 0, 0, 0, 1, 0, 
 0, 0, 0, 0, 0, 
 0, 0, 0, 0, 0, 
 0, 0, 0, 0, 0, 
 0, 0, 0, 0, 0, 
 0, 0, 0, 0, 0, 
 0, 0, 0, 0, 0, 
 0, 0, 0, 0, 0, 
 0, 0, 0, 0, 0, 
 0, 0, 0, 0, 0, 
 0, 0, 0, 0, 0, 
 0, 0, 0, 0, 0, 
 0, 0, 0, 0, 0, 
 0, 0, 0, 0, 0, 
 0, 0, 0, 0, 0, 
 0, 0, 0, 0, 0, 
 0, 0, 0, 0, 0, ; 
 
 0, 0, 0, 0, 0, 
 0, 0, 0, 0, 0, 
 0, 0, 0, 0, 0, 
 0, 0, 0, 0, 0, 
 0, 0, 0, 0, 0, 
 0, 0, 0, 0, 0, 
 0, 0, 0, 0, 0, 
 0, 0, 0, 0, 0, 
 0, 0, 0, 0, 0, 
 0, 0, 0, 0, 0, 
 0, 0, 1, 0, 0, 
 0, 0, 0, 0, 0, 
 0, 0, 0, 0, 0, 
 0, 0, 0, 0, 0, 
 1, 0, 0, 0, 0, 
 0, 0, 0, 0, 0, 
 0, 0, 0, 0, 0, 
 0, 0, 0, 0, 0, 
 0, 0, 0, 0, 0, 
 0, 0, 0, 0, 0, 
 0, 0, 0, 0, 0, 
 0, 0, 0, 0, 0, 
 0, 0, 0, 0, 0, 
 0, 0, 0, 0, 0, 
 0, 0, 0, 0, 0, 
 0, 0, 0, 0, 0, 
 0, 0, 0, 0, 0, 
 0, 0, 0, 0, 0, 
 0, 0, 0, 0, 0, 
 0, 0, 0, 0, 0, 
 0, 0, 0, 0, 0, 
 0, 0, 0, 0, 0, ; 
 99; 1/31/2023 6:51:01 PM; 349.9048; 01111; 
 0, 0, 0, 0, 0, 
 0, 0, 0, 0, 0, 
 0, 0, 0, 0, 0, 
 0, 0, 0, 0, 0, 
 0, 0, 0, 0, 0, 
 0, 0, 0, 0, 0, 
 0, 0, 0, 0, 0, 
 0, 0, 0, 0, 0, 
 0, 0, 0, 0, 0, 
 0, 0, 0, 0, 0, 
 0, 0, 0.1, 0, 0, 
 0, 0, 0, 0, 0, 
 0, 0, 0, 0, 0, 
 0, 0, 0, 0, 0, 
 0.1, 0, 0, 0, 0, 
 -0.097, 0, 0, -0.1, 0, 
 0, 0, 0, 0, 0, 
 0, 0, 0, 0, 0, 
 0, 0, 0, 0, 0, 
 0, 0, 0, 0, 0, 
 0, 0, 0, 0, 0, 
 0, 0, 0, 0, 0, 
 0, 0, 0, 0, 0, 
 0, 0, 0, 0, 0, 
 0, 0, 0, 0, 0, 
 0, 0, 0, 0, 0, 
 0, 0, 0, 0, 0, 
 0, 0, 0, 0, 0, 
 0, 0, 0, 0, 0, 
 0, 0, 0, 0, 0, 
 0, 0, 0, 0, 0, 
 0, 0, 0, 0, 0, ; 
 
 0, 0, 0, 0, 0, 
 0, 0, 0, 0, 0, 
 0, 0, 0, 0, 0, 
 0, 0, 0, 0, 0, 
 0, 0, 0, 0, 0, 
 0, 0, 0, 0, 0, 
 0, 0, 0, 0, 0, 
 0, 0, 0, 0, 0, 
 0, 0, 0, 0, 0, 
 0, 0, 0, 0, 0, 
 0, 0, 1, 0, 0, 
 0, 0, 0, 0, 0, 
 0, 0, 0, 0, 0, 
 0, 0, 0, 0, 0, 
 1, 0, 0, 0, 0, 
 1, 0, 0, 1, 0, 
 0, 0, 0, 0, 0, 
 0, 0, 0, 0, 0, 
 0, 0, 0, 0, 0, 
 0, 0, 0, 0, 0, 
 0, 0, 0, 0, 0, 
 0, 0, 0, 0, 0, 
 0, 0, 0, 0, 0, 
 0, 0, 0, 0, 0, 
 0, 0, 0, 0, 0, 
 0, 0, 0, 0, 0, 
 0, 0, 0, 0, 0, 
 0, 0, 0, 0, 0, 
 0, 0, 0, 0, 0, 
 0, 0, 0, 0, 0, 
 0, 0, 0, 0, 0, 
 0, 0, 0, 0, 0, ; 
 
 0, 0, 0, 0, 0, 
 0, 0, 0, 0, 0, 
 0, 0, 0, 0, 0, 
 0, 0, 0, 0, 0, 
 0, 0, 0, 0, 0, 
 0, 0, 0, 0, 0, 
 0, 0, 0, 0, 0, 
 0, 0, 0, 0, 0, 
 0, 0, 0, 0, 0, 
 0, 0, 0, 0, 0, 
 0, 0, 1, 0, 0, 
 0, 0, 0, 0, 0, 
 0, 0, 0, 0, 0, 
 0, 0, 0, 0, 0, 
 1, 0, 0, 0, 0, 
 0, 0, 0, 0, 0, 
 0, 0, 0, 0, 0, 
 0, 0, 0, 0, 0, 
 0, 0, 0, 0, 0, 
 0, 0, 0, 0, 0, 
 0, 0, 0, 0, 0, 
 0, 0, 0, 0, 0, 
 0, 0, 0, 0, 0, 
 0, 0, 0, 0, 0, 
 0, 0, 0, 0, 0, 
 0, 0, 0, 0, 0, 
 0, 0, 0, 0, 0, 
 0, 0, 0, 0, 0, 
 0, 0, 0, 0, 0, 
 0, 0, 0, 0, 0, 
 0, 0, 0, 0, 0, 
 0, 0, 0, 0, 0, ; 
 99; 1/31/2023 6:51:49 PM; 397.9314; 01111; 
 0, 0, 0, 0, 0, 
 0, 0, 0, 0, 0, 
 0, 0, 0, 0, 0, 
 0, 0, 0, 0, 0, 
 0, 0, 0, 0, 0, 
 0, 0, 0, 0, 0, 
 0, 0, 0, 0, 0, 
 0, 0, 0, 0, 0, 
 0, 0, 0, 0, 0, 
 0, 0, 0, 0, 0, 
 0, 0, 0.1, 0, 0, 
 0, 0, 0, 0, 0, 
 0, 0, 0, 0, 0, 
 0, 0, 0, 0, 0, 
 0.1, 0, 0, 0, 0, 
 -0.097, -0.1, 0, -0.1, 0, 
 0, 0, 0, 0, 0, 
 0, 0, 0, 0, 0, 
 0, 0, 0, 0, 0, 
 0, 0, 0, 0, 0, 
 0, 0, 0, 0, 0, 
 0, 0, 0, 0, 0, 
 0, 0, 0, 0, 0, 
 0, 0, 0, 0, 0, 
 0, 0, 0, 0, 0, 
 0, 0, 0, 0, 0, 
 0, 0, 0, 0, 0, 
 0, 0, 0, 0, 0, 
 0, 0, 0, 0, 0, 
 0, 0, 0, 0, 0, 
 0, 0, 0, 0, 0, 
 0, 0, 0, 0, 0, ; 
 
 0, 0, 0, 0, 0, 
 0, 0, 0, 0, 0, 
 0, 0, 0, 0, 0, 
 0, 0, 0, 0, 0, 
 0, 0, 0, 0, 0, 
 0, 0, 0, 0, 0, 
 0, 0, 0, 0, 0, 
 0, 0, 0, 0, 0, 
 0, 0, 0, 0, 0, 
 0, 0, 0, 0, 0, 
 0, 0, 1, 0, 0, 
 0, 0, 0, 0, 0, 
 0, 0, 0, 0, 0, 
 0, 0, 0, 0, 0, 
 1, 0, 0, 0, 0, 
 1, 1, 0, 1, 0, 
 0, 0, 0, 0, 0, 
 0, 0, 0, 0, 0, 
 0, 0, 0, 0, 0, 
 0, 0, 0, 0, 0, 
 0, 0, 0, 0, 0, 
 0, 0, 0, 0, 0, 
 0, 0, 0, 0, 0, 
 0, 0, 0, 0, 0, 
 0, 0, 0, 0, 0, 
 0, 0, 0, 0, 0, 
 0, 0, 0, 0, 0, 
 0, 0, 0, 0, 0, 
 0, 0, 0, 0, 0, 
 0, 0, 0, 0, 0, 
 0, 0, 0, 0, 0, 
 0, 0, 0, 0, 0, ; 
 
 0, 0, 0, 0, 0, 
 0, 0, 0, 0, 0, 
 0, 0, 0, 0, 0, 
 0, 0, 0, 0, 0, 
 0, 0, 0, 0, 0, 
 0, 0, 0, 0, 0, 
 0, 0, 0, 0, 0, 
 0, 0, 0, 0, 0, 
 0, 0, 0, 0, 0, 
 0, 0, 0, 0, 0, 
 0, 0, 1, 0, 0, 
 0, 0, 0, 0, 0, 
 0, 0, 0, 0, 0, 
 0, 0, 0, 0, 0, 
 1, 0, 0, 0, 0, 
 0, 0, 0, 0, 0, 
 0, 0, 0, 0, 0, 
 0, 0, 0, 0, 0, 
 0, 0, 0, 0, 0, 
 0, 0, 0, 0, 0, 
 0, 0, 0, 0, 0, 
 0, 0, 0, 0, 0, 
 0, 0, 0, 0, 0, 
 0, 0, 0, 0, 0, 
 0, 0, 0, 0, 0, 
 0, 0, 0, 0, 0, 
 0, 0, 0, 0, 0, 
 0, 0, 0, 0, 0, 
 0, 0, 0, 0, 0, 
 0, 0, 0, 0, 0, 
 0, 0, 0, 0, 0, 
 0, 0, 0, 0, 0, ; 
 99; 1/31/2023 6:52:41 PM; 449.6131; 01111; 
 0, 0, 0, 0, 0, 
 0, 0, 0, 0, 0, 
 0, 0, 0, 0, 0, 
 0, 0, 0, 0, 0, 
 0, 0, 0, 0, 0, 
 0, 0, 0, 0, 0, 
 0, 0, 0, 0, 0, 
 0, 0, 0, 0, 0, 
 0, 0, 0, 0, 0, 
 0, 0, 0, 0, 0, 
 0, 0, 0.1, 0, 0, 
 0, 0, 0, 0, 0, 
 0, 0, 0, 0, 0, 
 0, 0, 0, 0, 0, 
 0.1, 0, 0, 0, 0, 
 -0.097, -0.1, -0.1, -0.1, 0, 
 0, 0, 0, 0, 0, 
 0, 0, 0, 0, 0, 
 0, 0, 0, 0, 0, 
 0, 0, 0, 0, 0, 
 0, 0, 0, 0, 0, 
 0, 0, 0, 0, 0, 
 0, 0, 0, 0, 0, 
 0, 0, 0, 0, 0, 
 0, 0, 0, 0, 0, 
 0, 0, 0, 0, 0, 
 0, 0, 0, 0, 0, 
 0, 0, 0, 0, 0, 
 0, 0, 0, 0, 0, 
 0, 0, 0, 0, 0, 
 0, 0, 0, 0, 0, 
 0, 0, 0, 0, 0, ; 
 
 0, 0, 0, 0, 0, 
 0, 0, 0, 0, 0, 
 0, 0, 0, 0, 0, 
 0, 0, 0, 0, 0, 
 0, 0, 0, 0, 0, 
 0, 0, 0, 0, 0, 
 0, 0, 0, 0, 0, 
 0, 0, 0, 0, 0, 
 0, 0, 0, 0, 0, 
 0, 0, 0, 0, 0, 
 0, 0, 1, 0, 0, 
 0, 0, 0, 0, 0, 
 0, 0, 0, 0, 0, 
 0, 0, 0, 0, 0, 
 1, 0, 0, 0, 0, 
 1, 1, 1, 1, 0, 
 0, 0, 0, 0, 0, 
 0, 0, 0, 0, 0, 
 0, 0, 0, 0, 0, 
 0, 0, 0, 0, 0, 
 0, 0, 0, 0, 0, 
 0, 0, 0, 0, 0, 
 0, 0, 0, 0, 0, 
 0, 0, 0, 0, 0, 
 0, 0, 0, 0, 0, 
 0, 0, 0, 0, 0, 
 0, 0, 0, 0, 0, 
 0, 0, 0, 0, 0, 
 0, 0, 0, 0, 0, 
 0, 0, 0, 0, 0, 
 0, 0, 0, 0, 0, 
 0, 0, 0, 0, 0, ; 
 
 0, 0, 0, 0, 0, 
 0, 0, 0, 0, 0, 
 0, 0, 0, 0, 0, 
 0, 0, 0, 0, 0, 
 0, 0, 0, 0, 0, 
 0, 0, 0, 0, 0, 
 0, 0, 0, 0, 0, 
 0, 0, 0, 0, 0, 
 0, 0, 0, 0, 0, 
 0, 0, 0, 0, 0, 
 0, 0, 1, 0, 0, 
 0, 0, 0, 0, 0, 
 0, 0, 0, 0, 0, 
 0, 0, 0, 0, 0, 
 1, 0, 0, 0, 0, 
 0, 0, 0, 0, 0, 
 0, 0, 0, 0, 0, 
 0, 0, 0, 0, 0, 
 0, 0, 0, 0, 0, 
 0, 0, 0, 0, 0, 
 0, 0, 0, 0, 0, 
 0, 0, 0, 0, 0, 
 0, 0, 0, 0, 0, 
 0, 0, 0, 0, 0, 
 0, 0, 0, 0, 0, 
 0, 0, 0, 0, 0, 
 0, 0, 0, 0, 0, 
 0, 0, 0, 0, 0, 
 0, 0, 0, 0, 0, 
 0, 0, 0, 0, 0, 
 0, 0, 0, 0, 0, 
 0, 0, 0, 0, 0, ; 
 99; 1/31/2023 6:53:35 PM; 504.1191; 01111; 
 0, 0, 0, 0, 0, 
 0, 0, 0, 0, 0, 
 0, 0, 0, 0, 0, 
 0, 0, 0, 0, 0, 
 0, 0, 0, 0, 0, 
 0, 0, 0, 0, 0, 
 0, 0, 0, 0, 0, 
 0, 0, 0, 0, 0, 
 0, 0, 0, 0, 0, 
 0, 0, 0, 0, 0, 
 0, 0, 0.1, 0, 0, 
 0, 0, 0, 0, 0, 
 0, 0, 0, 0, 0, 
 0, 0, 0, 0, 0, 
 0.1, 0, 0, 0, 0, 
 -0.1746, -0.1, -0.1, -0.1, 0, 
 0, 0, 0, 0, 0, 
 0, 0, 0, 0, 0, 
 0, 0, 0, 0, 0, 
 0, 0, 0, 0, 0, 
 0, 0, 0, 0, 0, 
 0, 0, 0, 0, 0, 
 0, 0, 0, 0, 0, 
 0, 0, 0, 0, 0, 
 0, 0, 0, 0, 0, 
 0, 0, 0, 0, 0, 
 0, 0, 0, 0, 0, 
 0, 0, 0, 0, 0, 
 0, 0, 0, 0, 0, 
 0, 0, 0, 0, 0, 
 0, 0, 0, 0, 0, 
 0, 0, 0, 0, 0, ; 
 
 0, 0, 0, 0, 0, 
 0, 0, 0, 0, 0, 
 0, 0, 0, 0, 0, 
 0, 0, 0, 0, 0, 
 0, 0, 0, 0, 0, 
 0, 0, 0, 0, 0, 
 0, 0, 0, 0, 0, 
 0, 0, 0, 0, 0, 
 0, 0, 0, 0, 0, 
 0, 0, 0, 0, 0, 
 0, 0, 1, 0, 0, 
 0, 0, 0, 0, 0, 
 0, 0, 0, 0, 0, 
 0, 0, 0, 0, 0, 
 1, 0, 0, 0, 0, 
 2, 1, 1, 1, 0, 
 0, 0, 0, 0, 0, 
 0, 0, 0, 0, 0, 
 0, 0, 0, 0, 0, 
 0, 0, 0, 0, 0, 
 0, 0, 0, 0, 0, 
 0, 0, 0, 0, 0, 
 0, 0, 0, 0, 0, 
 0, 0, 0, 0, 0, 
 0, 0, 0, 0, 0, 
 0, 0, 0, 0, 0, 
 0, 0, 0, 0, 0, 
 0, 0, 0, 0, 0, 
 0, 0, 0, 0, 0, 
 0, 0, 0, 0, 0, 
 0, 0, 0, 0, 0, 
 0, 0, 0, 0, 0, ; 
 
 0, 0, 0, 0, 0, 
 0, 0, 0, 0, 0, 
 0, 0, 0, 0, 0, 
 0, 0, 0, 0, 0, 
 0, 0, 0, 0, 0, 
 0, 0, 0, 0, 0, 
 0, 0, 0, 0, 0, 
 0, 0, 0, 0, 0, 
 0, 0, 0, 0, 0, 
 0, 0, 0, 0, 0, 
 0, 0, 1, 0, 0, 
 0, 0, 0, 0, 0, 
 0, 0, 0, 0, 0, 
 0, 0, 0, 0, 0, 
 1, 0, 0, 0, 0, 
 0, 0, 0, 0, 0, 
 0, 0, 0, 0, 0, 
 0, 0, 0, 0, 0, 
 0, 0, 0, 0, 0, 
 0, 0, 0, 0, 0, 
 0, 0, 0, 0, 0, 
 0, 0, 0, 0, 0, 
 0, 0, 0, 0, 0, 
 0, 0, 0, 0, 0, 
 0, 0, 0, 0, 0, 
 0, 0, 0, 0, 0, 
 0, 0, 0, 0, 0, 
 0, 0, 0, 0, 0, 
 0, 0, 0, 0, 0, 
 0, 0, 0, 0, 0, 
 0, 0, 0, 0, 0, 
 0, 0, 0, 0, 0, ; 
 99; 1/31/2023 6:54:37 PM; 565.936; 01111; 
 0, 0, 0, 0, 0, 
 0, 0, 0, 0, 0, 
 0, 0, 0, 0, 0, 
 0, 0, 0, 0, 0, 
 0, 0, 0, 0, 0, 
 0, 0, 0, 0, 0, 
 0, 0, 0, 0, 0, 
 0, 0, 0, 0, 0, 
 0, 0, 0, 0, 0, 
 0, 0, 0, 0, 0, 
 0, 0, 0.1, 0, 0, 
 0, 0, 0, 0, 0, 
 0, 0, 0, 0, 0, 
 0, 0, 0, 0, 0, 
 0.1, 0, 0, 0, 0, 
 -0.1746, -0.1, -0.1, -0.1, -0.1, 
 0, 0, 0, 0, 0, 
 0, 0, 0, 0, 0, 
 0, 0, 0, 0, 0, 
 0, 0, 0, 0, 0, 
 0, 0, 0, 0, 0, 
 0, 0, 0, 0, 0, 
 0, 0, 0, 0, 0, 
 0, 0, 0, 0, 0, 
 0, 0, 0, 0, 0, 
 0, 0, 0, 0, 0, 
 0, 0, 0, 0, 0, 
 0, 0, 0, 0, 0, 
 0, 0, 0, 0, 0, 
 0, 0, 0, 0, 0, 
 0, 0, 0, 0, 0, 
 0, 0, 0, 0, 0, ; 
 
 0, 0, 0, 0, 0, 
 0, 0, 0, 0, 0, 
 0, 0, 0, 0, 0, 
 0, 0, 0, 0, 0, 
 0, 0, 0, 0, 0, 
 0, 0, 0, 0, 0, 
 0, 0, 0, 0, 0, 
 0, 0, 0, 0, 0, 
 0, 0, 0, 0, 0, 
 0, 0, 0, 0, 0, 
 0, 0, 1, 0, 0, 
 0, 0, 0, 0, 0, 
 0, 0, 0, 0, 0, 
 0, 0, 0, 0, 0, 
 1, 0, 0, 0, 0, 
 2, 1, 1, 1, 1, 
 0, 0, 0, 0, 0, 
 0, 0, 0, 0, 0, 
 0, 0, 0, 0, 0, 
 0, 0, 0, 0, 0, 
 0, 0, 0, 0, 0, 
 0, 0, 0, 0, 0, 
 0, 0, 0, 0, 0, 
 0, 0, 0, 0, 0, 
 0, 0, 0, 0, 0, 
 0, 0, 0, 0, 0, 
 0, 0, 0, 0, 0, 
 0, 0, 0, 0, 0, 
 0, 0, 0, 0, 0, 
 0, 0, 0, 0, 0, 
 0, 0, 0, 0, 0, 
 0, 0, 0, 0, 0, ; 
 
 0, 0, 0, 0, 0, 
 0, 0, 0, 0, 0, 
 0, 0, 0, 0, 0, 
 0, 0, 0, 0, 0, 
 0, 0, 0, 0, 0, 
 0, 0, 0, 0, 0, 
 0, 0, 0, 0, 0, 
 0, 0, 0, 0, 0, 
 0, 0, 0, 0, 0, 
 0, 0, 0, 0, 0, 
 0, 0, 1, 0, 0, 
 0, 0, 0, 0, 0, 
 0, 0, 0, 0, 0, 
 0, 0, 0, 0, 0, 
 1, 0, 0, 0, 0, 
 0, 0, 0, 0, 0, 
 0, 0, 0, 0, 0, 
 0, 0, 0, 0, 0, 
 0, 0, 0, 0, 0, 
 0, 0, 0, 0, 0, 
 0, 0, 0, 0, 0, 
 0, 0, 0, 0, 0, 
 0, 0, 0, 0, 0, 
 0, 0, 0, 0, 0, 
 0, 0, 0, 0, 0, 
 0, 0, 0, 0, 0, 
 0, 0, 0, 0, 0, 
 0, 0, 0, 0, 0, 
 0, 0, 0, 0, 0, 
 0, 0, 0, 0, 0, 
 0, 0, 0, 0, 0, 
 0, 0, 0, 0, 0, ; 
 99; 1/31/2023 6:55:29 PM; 617.4892; 01111; 
 0, 0, 0, 0, 0, 
 0, 0, 0, 0, 0, 
 0, 0, 0, 0, 0, 
 0, 0, 0, 0, 0, 
 0, 0, 0, 0, 0, 
 0, 0, 0, 0, 0, 
 0, 0, 0, 0, 0, 
 0, 0, 0, 0, 0, 
 0, 0, 0, 0, 0, 
 0, 0, 0, 0, 0, 
 0, 0, 0.1, 0, 0, 
 0, 0, 0, 0, 0, 
 0, 0, 0, 0, 0, 
 0, 0, 0, 0, 0, 
 0.1, 0, 0, 0, 0, 
 -0.1746, -0.18, -0.1, -0.1, -0.1, 
 0, 0, 0, 0, 0, 
 0, 0, 0, 0, 0, 
 0, 0, 0, 0, 0, 
 0, 0, 0, 0, 0, 
 0, 0, 0, 0, 0, 
 0, 0, 0, 0, 0, 
 0, 0, 0, 0, 0, 
 0, 0, 0, 0, 0, 
 0, 0, 0, 0, 0, 
 0, 0, 0, 0, 0, 
 0, 0, 0, 0, 0, 
 0, 0, 0, 0, 0, 
 0, 0, 0, 0, 0, 
 0, 0, 0, 0, 0, 
 0, 0, 0, 0, 0, 
 0, 0, 0, 0, 0, ; 
 
 0, 0, 0, 0, 0, 
 0, 0, 0, 0, 0, 
 0, 0, 0, 0, 0, 
 0, 0, 0, 0, 0, 
 0, 0, 0, 0, 0, 
 0, 0, 0, 0, 0, 
 0, 0, 0, 0, 0, 
 0, 0, 0, 0, 0, 
 0, 0, 0, 0, 0, 
 0, 0, 0, 0, 0, 
 0, 0, 1, 0, 0, 
 0, 0, 0, 0, 0, 
 0, 0, 0, 0, 0, 
 0, 0, 0, 0, 0, 
 1, 0, 0, 0, 0, 
 2, 2, 1, 1, 1, 
 0, 0, 0, 0, 0, 
 0, 0, 0, 0, 0, 
 0, 0, 0, 0, 0, 
 0, 0, 0, 0, 0, 
 0, 0, 0, 0, 0, 
 0, 0, 0, 0, 0, 
 0, 0, 0, 0, 0, 
 0, 0, 0, 0, 0, 
 0, 0, 0, 0, 0, 
 0, 0, 0, 0, 0, 
 0, 0, 0, 0, 0, 
 0, 0, 0, 0, 0, 
 0, 0, 0, 0, 0, 
 0, 0, 0, 0, 0, 
 0, 0, 0, 0, 0, 
 0, 0, 0, 0, 0, ; 
 
 0, 0, 0, 0, 0, 
 0, 0, 0, 0, 0, 
 0, 0, 0, 0, 0, 
 0, 0, 0, 0, 0, 
 0, 0, 0, 0, 0, 
 0, 0, 0, 0, 0, 
 0, 0, 0, 0, 0, 
 0, 0, 0, 0, 0, 
 0, 0, 0, 0, 0, 
 0, 0, 0, 0, 0, 
 0, 0, 1, 0, 0, 
 0, 0, 0, 0, 0, 
 0, 0, 0, 0, 0, 
 0, 0, 0, 0, 0, 
 1, 0, 0, 0, 0, 
 0, 0, 0, 0, 0, 
 0, 0, 0, 0, 0, 
 0, 0, 0, 0, 0, 
 0, 0, 0, 0, 0, 
 0, 0, 0, 0, 0, 
 0, 0, 0, 0, 0, 
 0, 0, 0, 0, 0, 
 0, 0, 0, 0, 0, 
 0, 0, 0, 0, 0, 
 0, 0, 0, 0, 0, 
 0, 0, 0, 0, 0, 
 0, 0, 0, 0, 0, 
 0, 0, 0, 0, 0, 
 0, 0, 0, 0, 0, 
 0, 0, 0, 0, 0, 
 0, 0, 0, 0, 0, 
 0, 0, 0, 0, 0, ; 
 99; 1/31/2023 6:56:21 PM; 669.8385; 01111; 
 0, 0, 0, 0, 0, 
 0, 0, 0, 0, 0, 
 0, 0, 0, 0, 0, 
 0, 0, 0, 0, 0, 
 0, 0, 0, 0, 0, 
 0, 0, 0, 0, 0, 
 0, 0, 0, 0, 0, 
 0, 0, 0, 0, 0, 
 0, 0, 0, 0, 0, 
 0, 0, 0, 0, 0, 
 0, 0, 0.1, 0, 0, 
 0, 0, 0, 0, 0, 
 0, 0, 0, 0, 0, 
 0, 0, 0, 0, 0, 
 0.1, 0, 0, 0, 0, 
 -0.1746, -0.18, -0.18, -0.1, -0.1, 
 0, 0, 0, 0, 0, 
 0, 0, 0, 0, 0, 
 0, 0, 0, 0, 0, 
 0, 0, 0, 0, 0, 
 0, 0, 0, 0, 0, 
 0, 0, 0, 0, 0, 
 0, 0, 0, 0, 0, 
 0, 0, 0, 0, 0, 
 0, 0, 0, 0, 0, 
 0, 0, 0, 0, 0, 
 0, 0, 0, 0, 0, 
 0, 0, 0, 0, 0, 
 0, 0, 0, 0, 0, 
 0, 0, 0, 0, 0, 
 0, 0, 0, 0, 0, 
 0, 0, 0, 0, 0, ; 
 
 0, 0, 0, 0, 0, 
 0, 0, 0, 0, 0, 
 0, 0, 0, 0, 0, 
 0, 0, 0, 0, 0, 
 0, 0, 0, 0, 0, 
 0, 0, 0, 0, 0, 
 0, 0, 0, 0, 0, 
 0, 0, 0, 0, 0, 
 0, 0, 0, 0, 0, 
 0, 0, 0, 0, 0, 
 0, 0, 1, 0, 0, 
 0, 0, 0, 0, 0, 
 0, 0, 0, 0, 0, 
 0, 0, 0, 0, 0, 
 1, 0, 0, 0, 0, 
 2, 2, 2, 1, 1, 
 0, 0, 0, 0, 0, 
 0, 0, 0, 0, 0, 
 0, 0, 0, 0, 0, 
 0, 0, 0, 0, 0, 
 0, 0, 0, 0, 0, 
 0, 0, 0, 0, 0, 
 0, 0, 0, 0, 0, 
 0, 0, 0, 0, 0, 
 0, 0, 0, 0, 0, 
 0, 0, 0, 0, 0, 
 0, 0, 0, 0, 0, 
 0, 0, 0, 0, 0, 
 0, 0, 0, 0, 0, 
 0, 0, 0, 0, 0, 
 0, 0, 0, 0, 0, 
 0, 0, 0, 0, 0, ; 
 
 0, 0, 0, 0, 0, 
 0, 0, 0, 0, 0, 
 0, 0, 0, 0, 0, 
 0, 0, 0, 0, 0, 
 0, 0, 0, 0, 0, 
 0, 0, 0, 0, 0, 
 0, 0, 0, 0, 0, 
 0, 0, 0, 0, 0, 
 0, 0, 0, 0, 0, 
 0, 0, 0, 0, 0, 
 0, 0, 1, 0, 0, 
 0, 0, 0, 0, 0, 
 0, 0, 0, 0, 0, 
 0, 0, 0, 0, 0, 
 1, 0, 0, 0, 0, 
 0, 0, 0, 0, 0, 
 0, 0, 0, 0, 0, 
 0, 0, 0, 0, 0, 
 0, 0, 0, 0, 0, 
 0, 0, 0, 0, 0, 
 0, 0, 0, 0, 0, 
 0, 0, 0, 0, 0, 
 0, 0, 0, 0, 0, 
 0, 0, 0, 0, 0, 
 0, 0, 0, 0, 0, 
 0, 0, 0, 0, 0, 
 0, 0, 0, 0, 0, 
 0, 0, 0, 0, 0, 
 0, 0, 0, 0, 0, 
 0, 0, 0, 0, 0, 
 0, 0, 0, 0, 0, 
 0, 0, 0, 0, 0, ; 
 