120; 4/12/2023 12:32:26 PM; 311.0576; 11111; 
 0, 0, 0, 0, 0, 
 0, 0, 0, 0, 0, 
 0, 0, 0, 0, 0, 
 0, 0, 0, 0, 0, 
 0, 0, 0, 0, 0, 
 0, 0, 0, 0, 0, 
 0, 0, 0, 0, 0, 
 0, 0, 0, 0, 0, 
 0, 0, 0, 0, 0, 
 0, 0, 0, 0, 0, 
 0, 0, 0, 0, 0, 
 0, 0, 0, 0, 0, 
 0, 0, 0, 0, 0, 
 0, 0, 0, 0, 0, 
 0, 0, 0, 0, 0, 
 0, 0, 0, 0, 0, 
 0, 0, 0, 0, 0, 
 0, 0, 0, 0, 0, 
 0, 0, 0, 0, 0, 
 0, 0, 0, 0, 0, 
 0, 0, 0, 0, 0, 
 0, 0, 0, 0, 0, 
 0, 0, 0, 0, 0, 
 0, 0, 0, 0, 0, 
 0, 0, 0, 0, 0, 
 0, 0, 0, 0, 0, 
 0, 0, 0, 0, 0, 
 0, 0, 0, 0, 0, 
 0, 0, 0, 0, 0, 
 0, 0, 0, 0, 0, 
 0, 0, 0, 0, 0, 
 0, -0.1, 0, 0, 0, ; 
 
 0, 0, 0, 0, 0, 
 0, 0, 0, 0, 0, 
 0, 0, 0, 0, 0, 
 0, 0, 0, 0, 0, 
 0, 0, 0, 0, 0, 
 0, 0, 0, 0, 0, 
 0, 0, 0, 0, 0, 
 0, 0, 0, 0, 0, 
 0, 0, 0, 0, 0, 
 0, 0, 0, 0, 0, 
 0, 0, 0, 0, 0, 
 0, 0, 0, 0, 0, 
 0, 0, 0, 0, 0, 
 0, 0, 0, 0, 0, 
 0, 0, 0, 0, 0, 
 0, 0, 0, 0, 0, 
 0, 0, 0, 0, 0, 
 0, 0, 0, 0, 0, 
 0, 0, 0, 0, 0, 
 0, 0, 0, 0, 0, 
 0, 0, 0, 0, 0, 
 0, 0, 0, 0, 0, 
 0, 0, 0, 0, 0, 
 0, 0, 0, 0, 0, 
 0, 0, 0, 0, 0, 
 0, 0, 0, 0, 0, 
 0, 0, 0, 0, 0, 
 0, 0, 0, 0, 0, 
 0, 0, 0, 0, 0, 
 0, 0, 0, 0, 0, 
 0, 0, 0, 0, 0, 
 0, 1, 0, 0, 0, ; 
 
 0, 0, 0, 0, 0, 
 0, 0, 0, 0, 0, 
 0, 0, 0, 0, 0, 
 0, 0, 0, 0, 0, 
 0, 0, 0, 0, 0, 
 0, 0, 0, 0, 0, 
 0, 0, 0, 0, 0, 
 0, 0, 0, 0, 0, 
 0, 0, 0, 0, 0, 
 0, 0, 0, 0, 0, 
 0, 0, 0, 0, 0, 
 0, 0, 0, 0, 0, 
 0, 0, 0, 0, 0, 
 0, 0, 0, 0, 0, 
 0, 0, 0, 0, 0, 
 0, 0, 0, 0, 0, 
 0, 0, 0, 0, 0, 
 0, 0, 0, 0, 0, 
 0, 0, 0, 0, 0, 
 0, 0, 0, 0, 0, 
 0, 0, 0, 0, 0, 
 0, 0, 0, 0, 0, 
 0, 0, 0, 0, 0, 
 0, 0, 0, 0, 0, 
 0, 0, 0, 0, 0, 
 0, 0, 0, 0, 0, 
 0, 0, 0, 0, 0, 
 0, 0, 0, 0, 0, 
 0, 0, 0, 0, 0, 
 0, 0, 0, 0, 0, 
 0, 0, 0, 0, 0, 
 0, 0, 0, 0, 0, ; 
 120; 4/12/2023 12:33:18 PM; 362.7102; 11111; 
 0, 0, 0, 0, 0, 
 0, 0, 0, 0, 0, 
 0, 0, 0, 0, 0, 
 0, 0, 0, 0, 0, 
 0, 0, 0, 0, 0, 
 0, 0, 0, 0, 0, 
 0, 0, 0, 0, 0, 
 0, 0, 0, 0, 0, 
 0, 0, 0, 0, 0, 
 0, 0, 0, 0, 0, 
 0, 0, 0, 0, 0, 
 0, 0, 0, 0, 0, 
 0, 0, 0, 0, 0, 
 0, 0, 0, 0, 0, 
 0, 0, 0, 0, 0, 
 0, 0, 0, 0, 0, 
 0, 0, 0, 0, 0, 
 0, 0, 0, 0, 0, 
 0, 0, 0, 0, 0, 
 0, 0, 0, 0, 0, 
 0, 0, 0, 0, 0, 
 0, 0, 0, 0, 0, 
 0, 0, 0, 0, 0, 
 0, 0, 0, 0, 0, 
 0, 0, 0, 0, 0, 
 0, 0, 0, 0, 0, 
 0, 0, 0, 0, 0, 
 0, 0, 0, 0, 0, 
 0, 0, 0, 0, 0, 
 0, 0, 0, 0, 0, 
 0, 0, 0, 0, 0, 
 -0.1, -0.1, 0, 0, 0, ; 
 
 0, 0, 0, 0, 0, 
 0, 0, 0, 0, 0, 
 0, 0, 0, 0, 0, 
 0, 0, 0, 0, 0, 
 0, 0, 0, 0, 0, 
 0, 0, 0, 0, 0, 
 0, 0, 0, 0, 0, 
 0, 0, 0, 0, 0, 
 0, 0, 0, 0, 0, 
 0, 0, 0, 0, 0, 
 0, 0, 0, 0, 0, 
 0, 0, 0, 0, 0, 
 0, 0, 0, 0, 0, 
 0, 0, 0, 0, 0, 
 0, 0, 0, 0, 0, 
 0, 0, 0, 0, 0, 
 0, 0, 0, 0, 0, 
 0, 0, 0, 0, 0, 
 0, 0, 0, 0, 0, 
 0, 0, 0, 0, 0, 
 0, 0, 0, 0, 0, 
 0, 0, 0, 0, 0, 
 0, 0, 0, 0, 0, 
 0, 0, 0, 0, 0, 
 0, 0, 0, 0, 0, 
 0, 0, 0, 0, 0, 
 0, 0, 0, 0, 0, 
 0, 0, 0, 0, 0, 
 0, 0, 0, 0, 0, 
 0, 0, 0, 0, 0, 
 0, 0, 0, 0, 0, 
 1, 1, 0, 0, 0, ; 
 
 0, 0, 0, 0, 0, 
 0, 0, 0, 0, 0, 
 0, 0, 0, 0, 0, 
 0, 0, 0, 0, 0, 
 0, 0, 0, 0, 0, 
 0, 0, 0, 0, 0, 
 0, 0, 0, 0, 0, 
 0, 0, 0, 0, 0, 
 0, 0, 0, 0, 0, 
 0, 0, 0, 0, 0, 
 0, 0, 0, 0, 0, 
 0, 0, 0, 0, 0, 
 0, 0, 0, 0, 0, 
 0, 0, 0, 0, 0, 
 0, 0, 0, 0, 0, 
 0, 0, 0, 0, 0, 
 0, 0, 0, 0, 0, 
 0, 0, 0, 0, 0, 
 0, 0, 0, 0, 0, 
 0, 0, 0, 0, 0, 
 0, 0, 0, 0, 0, 
 0, 0, 0, 0, 0, 
 0, 0, 0, 0, 0, 
 0, 0, 0, 0, 0, 
 0, 0, 0, 0, 0, 
 0, 0, 0, 0, 0, 
 0, 0, 0, 0, 0, 
 0, 0, 0, 0, 0, 
 0, 0, 0, 0, 0, 
 0, 0, 0, 0, 0, 
 0, 0, 0, 0, 0, 
 0, 0, 0, 0, 0, ; 
 120; 4/12/2023 12:34:23 PM; 427.63; 11111; 
 0, 0, 0, 0, 0, 
 0, 0, 0, 0, 0, 
 0, 0, 0, 0, 0, 
 0, 0, 0, 0, 0, 
 0, 0, 0, 0, 0, 
 0, 0, 0, 0, 0, 
 0, 0, 0, 0, 0, 
 0, 0, 0, 0, 0, 
 0, 0, 0, 0, 0, 
 0, 0, 0, 0, 0, 
 0, 0, 0, 0, 0, 
 0, 0, 0, 0, 0, 
 0, 0, 0, 0, 0, 
 0, 0, 0, 0, 0, 
 0, 0, 0, 0, 0, 
 0, 0, 0, 0, 0, 
 0, 0, 0, 0, 0, 
 0, 0, 0, 0, 0, 
 0, 0, 0, 0, 0, 
 0, 0, 0, 0, 0, 
 0, 0, 0, 0, 0, 
 0, 0, 0, 0, 0, 
 0, 0, 0, 0, 0, 
 0, 0, 0, 0, 0, 
 0, 0, 0, 0, 0, 
 0, 0, 0, 0, 0, 
 0, 0, 0, 0, 0, 
 0, 0, 0, 0, 0, 
 0, 0, 0, 0, 0, 
 0, 0, 0, 0, 0, 
 0, 0, 0, 0, 0, 
 -0.1, -0.1, -0.1, 0, 0, ; 
 
 0, 0, 0, 0, 0, 
 0, 0, 0, 0, 0, 
 0, 0, 0, 0, 0, 
 0, 0, 0, 0, 0, 
 0, 0, 0, 0, 0, 
 0, 0, 0, 0, 0, 
 0, 0, 0, 0, 0, 
 0, 0, 0, 0, 0, 
 0, 0, 0, 0, 0, 
 0, 0, 0, 0, 0, 
 0, 0, 0, 0, 0, 
 0, 0, 0, 0, 0, 
 0, 0, 0, 0, 0, 
 0, 0, 0, 0, 0, 
 0, 0, 0, 0, 0, 
 0, 0, 0, 0, 0, 
 0, 0, 0, 0, 0, 
 0, 0, 0, 0, 0, 
 0, 0, 0, 0, 0, 
 0, 0, 0, 0, 0, 
 0, 0, 0, 0, 0, 
 0, 0, 0, 0, 0, 
 0, 0, 0, 0, 0, 
 0, 0, 0, 0, 0, 
 0, 0, 0, 0, 0, 
 0, 0, 0, 0, 0, 
 0, 0, 0, 0, 0, 
 0, 0, 0, 0, 0, 
 0, 0, 0, 0, 0, 
 0, 0, 0, 0, 0, 
 0, 0, 0, 0, 0, 
 1, 1, 1, 0, 0, ; 
 
 0, 0, 0, 0, 0, 
 0, 0, 0, 0, 0, 
 0, 0, 0, 0, 0, 
 0, 0, 0, 0, 0, 
 0, 0, 0, 0, 0, 
 0, 0, 0, 0, 0, 
 0, 0, 0, 0, 0, 
 0, 0, 0, 0, 0, 
 0, 0, 0, 0, 0, 
 0, 0, 0, 0, 0, 
 0, 0, 0, 0, 0, 
 0, 0, 0, 0, 0, 
 0, 0, 0, 0, 0, 
 0, 0, 0, 0, 0, 
 0, 0, 0, 0, 0, 
 0, 0, 0, 0, 0, 
 0, 0, 0, 0, 0, 
 0, 0, 0, 0, 0, 
 0, 0, 0, 0, 0, 
 0, 0, 0, 0, 0, 
 0, 0, 0, 0, 0, 
 0, 0, 0, 0, 0, 
 0, 0, 0, 0, 0, 
 0, 0, 0, 0, 0, 
 0, 0, 0, 0, 0, 
 0, 0, 0, 0, 0, 
 0, 0, 0, 0, 0, 
 0, 0, 0, 0, 0, 
 0, 0, 0, 0, 0, 
 0, 0, 0, 0, 0, 
 0, 0, 0, 0, 0, 
 0, 0, 0, 0, 0, ; 
 120; 4/12/2023 12:35:26 PM; 490.5449; 11111; 
 0, 0, 0, 0, 0, 
 0, 0, 0, 0, 0, 
 0, 0, 0, 0, 0, 
 0, 0, 0, 0, 0, 
 0, 0, 0, 0, 0, 
 0, 0, 0, 0, 0, 
 0, 0, 0, 0, 0, 
 0, 0, 0, 0, 0, 
 0, 0, 0, 0, 0, 
 0, 0, 0, 0, 0, 
 0, 0, 0, 0, 0, 
 0, 0, 0, 0, 0, 
 0, 0, 0, 0, 0, 
 0, 0, 0, 0, 0, 
 0, 0, 0, 0, 0, 
 0, 0, 0, 0, 0, 
 0, 0, 0, 0, 0, 
 0, 0, 0, 0, 0, 
 0, 0, 0, 0, 0, 
 0, 0, 0, 0, 0, 
 0, 0, 0, 0, 0, 
 0, 0, 0, 0, 0, 
 0, 0, 0, 0, 0, 
 0, 0, 0, 0, 0, 
 0, 0, 0, 0, 0, 
 0, 0, 0, 0, 0, 
 0, 0, 0, 0, 0, 
 0, 0, 0, 0, 0, 
 0, 0, 0, 0, 0, 
 0, 0, 0, 0, 0, 
 0, 0, 0, 0, 0, 
 -0.1, -0.1, -0.1, 0.1, 0, ; 
 
 0, 0, 0, 0, 0, 
 0, 0, 0, 0, 0, 
 0, 0, 0, 0, 0, 
 0, 0, 0, 0, 0, 
 0, 0, 0, 0, 0, 
 0, 0, 0, 0, 0, 
 0, 0, 0, 0, 0, 
 0, 0, 0, 0, 0, 
 0, 0, 0, 0, 0, 
 0, 0, 0, 0, 0, 
 0, 0, 0, 0, 0, 
 0, 0, 0, 0, 0, 
 0, 0, 0, 0, 0, 
 0, 0, 0, 0, 0, 
 0, 0, 0, 0, 0, 
 0, 0, 0, 0, 0, 
 0, 0, 0, 0, 0, 
 0, 0, 0, 0, 0, 
 0, 0, 0, 0, 0, 
 0, 0, 0, 0, 0, 
 0, 0, 0, 0, 0, 
 0, 0, 0, 0, 0, 
 0, 0, 0, 0, 0, 
 0, 0, 0, 0, 0, 
 0, 0, 0, 0, 0, 
 0, 0, 0, 0, 0, 
 0, 0, 0, 0, 0, 
 0, 0, 0, 0, 0, 
 0, 0, 0, 0, 0, 
 0, 0, 0, 0, 0, 
 0, 0, 0, 0, 0, 
 1, 1, 1, 1, 0, ; 
 
 0, 0, 0, 0, 0, 
 0, 0, 0, 0, 0, 
 0, 0, 0, 0, 0, 
 0, 0, 0, 0, 0, 
 0, 0, 0, 0, 0, 
 0, 0, 0, 0, 0, 
 0, 0, 0, 0, 0, 
 0, 0, 0, 0, 0, 
 0, 0, 0, 0, 0, 
 0, 0, 0, 0, 0, 
 0, 0, 0, 0, 0, 
 0, 0, 0, 0, 0, 
 0, 0, 0, 0, 0, 
 0, 0, 0, 0, 0, 
 0, 0, 0, 0, 0, 
 0, 0, 0, 0, 0, 
 0, 0, 0, 0, 0, 
 0, 0, 0, 0, 0, 
 0, 0, 0, 0, 0, 
 0, 0, 0, 0, 0, 
 0, 0, 0, 0, 0, 
 0, 0, 0, 0, 0, 
 0, 0, 0, 0, 0, 
 0, 0, 0, 0, 0, 
 0, 0, 0, 0, 0, 
 0, 0, 0, 0, 0, 
 0, 0, 0, 0, 0, 
 0, 0, 0, 0, 0, 
 0, 0, 0, 0, 0, 
 0, 0, 0, 0, 0, 
 0, 0, 0, 0, 0, 
 0, 0, 0, 1, 0, ; 
 120; 4/12/2023 12:36:15 PM; 539.6069; 10111; 
 0, 0, 0, 0, 0, 
 0, 0, 0, 0, 0, 
 0, 0, 0, 0, 0, 
 0, 0, 0, 0, 0, 
 0, 0, 0, 0, 0, 
 0, 0, 0, 0, 0, 
 0, 0, 0, 0, 0, 
 0, 0, 0, 0, 0, 
 0, 0, 0, 0, 0, 
 0, 0, 0, 0, 0, 
 0, 0, 0, 0, 0, 
 0, 0, 0, 0, 0, 
 0, 0, 0, 0, 0, 
 0, 0, 0, 0, 0, 
 0, 0, 0, 0, 0, 
 0, 0, 0, 0, 0, 
 0, 0, 0, 0, 0, 
 0, 0, 0, 0, 0, 
 0, 0, 0, 0, 0, 
 0, 0, 0, 0, 0, 
 0, 0, 0, 0, 0, 
 0, 0, 0, 0, 0, 
 0, 0, 0, 0, 0, 
 -0.1, 0, 0, 0, 0, 
 0, 0, 0, 0, 0, 
 0, 0, 0, 0, 0, 
 0, 0, 0, 0, 0, 
 0, 0, 0, 0, 0, 
 0, 0, 0, 0, 0, 
 0, 0, 0, 0, 0, 
 0, 0, 0, 0, 0, 
 -0.1, -0.1, -0.1, 0.1, 0, ; 
 
 0, 0, 0, 0, 0, 
 0, 0, 0, 0, 0, 
 0, 0, 0, 0, 0, 
 0, 0, 0, 0, 0, 
 0, 0, 0, 0, 0, 
 0, 0, 0, 0, 0, 
 0, 0, 0, 0, 0, 
 0, 0, 0, 0, 0, 
 0, 0, 0, 0, 0, 
 0, 0, 0, 0, 0, 
 0, 0, 0, 0, 0, 
 0, 0, 0, 0, 0, 
 0, 0, 0, 0, 0, 
 0, 0, 0, 0, 0, 
 0, 0, 0, 0, 0, 
 0, 0, 0, 0, 0, 
 0, 0, 0, 0, 0, 
 0, 0, 0, 0, 0, 
 0, 0, 0, 0, 0, 
 0, 0, 0, 0, 0, 
 0, 0, 0, 0, 0, 
 0, 0, 0, 0, 0, 
 0, 0, 0, 0, 0, 
 1, 0, 0, 0, 0, 
 0, 0, 0, 0, 0, 
 0, 0, 0, 0, 0, 
 0, 0, 0, 0, 0, 
 0, 0, 0, 0, 0, 
 0, 0, 0, 0, 0, 
 0, 0, 0, 0, 0, 
 0, 0, 0, 0, 0, 
 1, 1, 1, 1, 0, ; 
 
 0, 0, 0, 0, 0, 
 0, 0, 0, 0, 0, 
 0, 0, 0, 0, 0, 
 0, 0, 0, 0, 0, 
 0, 0, 0, 0, 0, 
 0, 0, 0, 0, 0, 
 0, 0, 0, 0, 0, 
 0, 0, 0, 0, 0, 
 0, 0, 0, 0, 0, 
 0, 0, 0, 0, 0, 
 0, 0, 0, 0, 0, 
 0, 0, 0, 0, 0, 
 0, 0, 0, 0, 0, 
 0, 0, 0, 0, 0, 
 0, 0, 0, 0, 0, 
 0, 0, 0, 0, 0, 
 0, 0, 0, 0, 0, 
 0, 0, 0, 0, 0, 
 0, 0, 0, 0, 0, 
 0, 0, 0, 0, 0, 
 0, 0, 0, 0, 0, 
 0, 0, 0, 0, 0, 
 0, 0, 0, 0, 0, 
 0, 0, 0, 0, 0, 
 0, 0, 0, 0, 0, 
 0, 0, 0, 0, 0, 
 0, 0, 0, 0, 0, 
 0, 0, 0, 0, 0, 
 0, 0, 0, 0, 0, 
 0, 0, 0, 0, 0, 
 0, 0, 0, 0, 0, 
 0, 0, 0, 1, 0, ; 
 120; 4/12/2023 12:37:05 PM; 590.1589; 10111; 
 0, 0, 0, 0, 0, 
 0, 0, 0, 0, 0, 
 0, 0, 0, 0, 0, 
 0, 0, 0, 0, 0, 
 0, 0, 0, 0, 0, 
 0, 0, 0, 0, 0, 
 0, 0, 0, 0, 0, 
 0, 0, 0, 0, 0, 
 0, 0, 0, 0, 0, 
 0, 0, 0, 0, 0, 
 0, 0, 0, 0, 0, 
 0, 0, 0, 0, 0, 
 0, 0, 0, 0, 0, 
 0, 0, 0, 0, 0, 
 0, 0, 0, 0, 0, 
 0, 0, 0, 0, 0, 
 0, 0, 0, 0, 0, 
 0, 0, 0, 0, 0, 
 0, 0, 0, 0, 0, 
 0, 0, 0, 0, 0, 
 0, 0, 0, 0, 0, 
 0, 0, 0, 0, 0, 
 0, 0, 0, 0, 0, 
 -0.1, -0.1, 0, 0, 0, 
 0, 0, 0, 0, 0, 
 0, 0, 0, 0, 0, 
 0, 0, 0, 0, 0, 
 0, 0, 0, 0, 0, 
 0, 0, 0, 0, 0, 
 0, 0, 0, 0, 0, 
 0, 0, 0, 0, 0, 
 -0.1, -0.1, -0.1, 0.1, 0, ; 
 
 0, 0, 0, 0, 0, 
 0, 0, 0, 0, 0, 
 0, 0, 0, 0, 0, 
 0, 0, 0, 0, 0, 
 0, 0, 0, 0, 0, 
 0, 0, 0, 0, 0, 
 0, 0, 0, 0, 0, 
 0, 0, 0, 0, 0, 
 0, 0, 0, 0, 0, 
 0, 0, 0, 0, 0, 
 0, 0, 0, 0, 0, 
 0, 0, 0, 0, 0, 
 0, 0, 0, 0, 0, 
 0, 0, 0, 0, 0, 
 0, 0, 0, 0, 0, 
 0, 0, 0, 0, 0, 
 0, 0, 0, 0, 0, 
 0, 0, 0, 0, 0, 
 0, 0, 0, 0, 0, 
 0, 0, 0, 0, 0, 
 0, 0, 0, 0, 0, 
 0, 0, 0, 0, 0, 
 0, 0, 0, 0, 0, 
 1, 1, 0, 0, 0, 
 0, 0, 0, 0, 0, 
 0, 0, 0, 0, 0, 
 0, 0, 0, 0, 0, 
 0, 0, 0, 0, 0, 
 0, 0, 0, 0, 0, 
 0, 0, 0, 0, 0, 
 0, 0, 0, 0, 0, 
 1, 1, 1, 1, 0, ; 
 
 0, 0, 0, 0, 0, 
 0, 0, 0, 0, 0, 
 0, 0, 0, 0, 0, 
 0, 0, 0, 0, 0, 
 0, 0, 0, 0, 0, 
 0, 0, 0, 0, 0, 
 0, 0, 0, 0, 0, 
 0, 0, 0, 0, 0, 
 0, 0, 0, 0, 0, 
 0, 0, 0, 0, 0, 
 0, 0, 0, 0, 0, 
 0, 0, 0, 0, 0, 
 0, 0, 0, 0, 0, 
 0, 0, 0, 0, 0, 
 0, 0, 0, 0, 0, 
 0, 0, 0, 0, 0, 
 0, 0, 0, 0, 0, 
 0, 0, 0, 0, 0, 
 0, 0, 0, 0, 0, 
 0, 0, 0, 0, 0, 
 0, 0, 0, 0, 0, 
 0, 0, 0, 0, 0, 
 0, 0, 0, 0, 0, 
 0, 0, 0, 0, 0, 
 0, 0, 0, 0, 0, 
 0, 0, 0, 0, 0, 
 0, 0, 0, 0, 0, 
 0, 0, 0, 0, 0, 
 0, 0, 0, 0, 0, 
 0, 0, 0, 0, 0, 
 0, 0, 0, 0, 0, 
 0, 0, 0, 1, 0, ; 
 120; 4/12/2023 12:38:04 PM; 649.3; 10111; 
 0, 0, 0, 0, 0, 
 0, 0, 0, 0, 0, 
 0, 0, 0, 0, 0, 
 0, 0, 0, 0, 0, 
 0, 0, 0, 0, 0, 
 0, 0, 0, 0, 0, 
 0, 0, 0, 0, 0, 
 0, 0, 0, 0, 0, 
 0, 0, 0, 0, 0, 
 0, 0, 0, 0, 0, 
 0, 0, 0, 0, 0, 
 0, 0, 0, 0, 0, 
 0, 0, 0, 0, 0, 
 0, 0, 0, 0, 0, 
 0, 0, 0, 0, 0, 
 0, 0, 0, 0, 0, 
 0, 0, 0, 0, 0, 
 0, 0, 0, 0, 0, 
 0, 0, 0, 0, 0, 
 0, 0, 0, 0, 0, 
 0, 0, 0, 0, 0, 
 0, 0, 0, 0, 0, 
 0, 0, 0, 0, 0, 
 -0.1, -0.1, -0.1, 0, 0, 
 0, 0, 0, 0, 0, 
 0, 0, 0, 0, 0, 
 0, 0, 0, 0, 0, 
 0, 0, 0, 0, 0, 
 0, 0, 0, 0, 0, 
 0, 0, 0, 0, 0, 
 0, 0, 0, 0, 0, 
 -0.1, -0.1, -0.1, 0.1, 0, ; 
 
 0, 0, 0, 0, 0, 
 0, 0, 0, 0, 0, 
 0, 0, 0, 0, 0, 
 0, 0, 0, 0, 0, 
 0, 0, 0, 0, 0, 
 0, 0, 0, 0, 0, 
 0, 0, 0, 0, 0, 
 0, 0, 0, 0, 0, 
 0, 0, 0, 0, 0, 
 0, 0, 0, 0, 0, 
 0, 0, 0, 0, 0, 
 0, 0, 0, 0, 0, 
 0, 0, 0, 0, 0, 
 0, 0, 0, 0, 0, 
 0, 0, 0, 0, 0, 
 0, 0, 0, 0, 0, 
 0, 0, 0, 0, 0, 
 0, 0, 0, 0, 0, 
 0, 0, 0, 0, 0, 
 0, 0, 0, 0, 0, 
 0, 0, 0, 0, 0, 
 0, 0, 0, 0, 0, 
 0, 0, 0, 0, 0, 
 1, 1, 1, 0, 0, 
 0, 0, 0, 0, 0, 
 0, 0, 0, 0, 0, 
 0, 0, 0, 0, 0, 
 0, 0, 0, 0, 0, 
 0, 0, 0, 0, 0, 
 0, 0, 0, 0, 0, 
 0, 0, 0, 0, 0, 
 1, 1, 1, 1, 0, ; 
 
 0, 0, 0, 0, 0, 
 0, 0, 0, 0, 0, 
 0, 0, 0, 0, 0, 
 0, 0, 0, 0, 0, 
 0, 0, 0, 0, 0, 
 0, 0, 0, 0, 0, 
 0, 0, 0, 0, 0, 
 0, 0, 0, 0, 0, 
 0, 0, 0, 0, 0, 
 0, 0, 0, 0, 0, 
 0, 0, 0, 0, 0, 
 0, 0, 0, 0, 0, 
 0, 0, 0, 0, 0, 
 0, 0, 0, 0, 0, 
 0, 0, 0, 0, 0, 
 0, 0, 0, 0, 0, 
 0, 0, 0, 0, 0, 
 0, 0, 0, 0, 0, 
 0, 0, 0, 0, 0, 
 0, 0, 0, 0, 0, 
 0, 0, 0, 0, 0, 
 0, 0, 0, 0, 0, 
 0, 0, 0, 0, 0, 
 0, 0, 0, 0, 0, 
 0, 0, 0, 0, 0, 
 0, 0, 0, 0, 0, 
 0, 0, 0, 0, 0, 
 0, 0, 0, 0, 0, 
 0, 0, 0, 0, 0, 
 0, 0, 0, 0, 0, 
 0, 0, 0, 0, 0, 
 0, 0, 0, 1, 0, ; 
 120; 4/12/2023 12:39:17 PM; 722.2107; 10111; 
 0, 0, 0, 0, 0, 
 0, 0, 0, 0, 0, 
 0, 0, 0, 0, 0, 
 0, 0, 0, 0, 0, 
 0, 0, 0, 0, 0, 
 0, 0, 0, 0, 0, 
 0, 0, 0, 0, 0, 
 0, 0, 0, 0, 0, 
 0, 0, 0, 0, 0, 
 0, 0, 0, 0, 0, 
 0, 0, 0, 0, 0, 
 0, 0, 0, 0, 0, 
 0, 0, 0, 0, 0, 
 0, 0, 0, 0, 0, 
 0, 0, 0, 0, 0, 
 0, 0, 0, 0, 0, 
 0, 0, 0, 0, 0, 
 0, 0, 0, 0, 0, 
 0, 0, 0, 0, 0, 
 0, 0, 0, 0, 0, 
 0, 0, 0, 0, 0, 
 0, 0, 0, 0, 0, 
 0, 0, 0, 0, 0, 
 -0.1, -0.1, -0.1, 0.103, 0, 
 0, 0, 0, 0, 0, 
 0, 0, 0, 0, 0, 
 0, 0, 0, 0, 0, 
 0, 0, 0, 0, 0, 
 0, 0, 0, 0, 0, 
 0, 0, 0, 0, 0, 
 0, 0, 0, 0, 0, 
 -0.1, -0.1, -0.1, 0.1, 0, ; 
 
 0, 0, 0, 0, 0, 
 0, 0, 0, 0, 0, 
 0, 0, 0, 0, 0, 
 0, 0, 0, 0, 0, 
 0, 0, 0, 0, 0, 
 0, 0, 0, 0, 0, 
 0, 0, 0, 0, 0, 
 0, 0, 0, 0, 0, 
 0, 0, 0, 0, 0, 
 0, 0, 0, 0, 0, 
 0, 0, 0, 0, 0, 
 0, 0, 0, 0, 0, 
 0, 0, 0, 0, 0, 
 0, 0, 0, 0, 0, 
 0, 0, 0, 0, 0, 
 0, 0, 0, 0, 0, 
 0, 0, 0, 0, 0, 
 0, 0, 0, 0, 0, 
 0, 0, 0, 0, 0, 
 0, 0, 0, 0, 0, 
 0, 0, 0, 0, 0, 
 0, 0, 0, 0, 0, 
 0, 0, 0, 0, 0, 
 1, 1, 1, 1, 0, 
 0, 0, 0, 0, 0, 
 0, 0, 0, 0, 0, 
 0, 0, 0, 0, 0, 
 0, 0, 0, 0, 0, 
 0, 0, 0, 0, 0, 
 0, 0, 0, 0, 0, 
 0, 0, 0, 0, 0, 
 1, 1, 1, 1, 0, ; 
 
 0, 0, 0, 0, 0, 
 0, 0, 0, 0, 0, 
 0, 0, 0, 0, 0, 
 0, 0, 0, 0, 0, 
 0, 0, 0, 0, 0, 
 0, 0, 0, 0, 0, 
 0, 0, 0, 0, 0, 
 0, 0, 0, 0, 0, 
 0, 0, 0, 0, 0, 
 0, 0, 0, 0, 0, 
 0, 0, 0, 0, 0, 
 0, 0, 0, 0, 0, 
 0, 0, 0, 0, 0, 
 0, 0, 0, 0, 0, 
 0, 0, 0, 0, 0, 
 0, 0, 0, 0, 0, 
 0, 0, 0, 0, 0, 
 0, 0, 0, 0, 0, 
 0, 0, 0, 0, 0, 
 0, 0, 0, 0, 0, 
 0, 0, 0, 0, 0, 
 0, 0, 0, 0, 0, 
 0, 0, 0, 0, 0, 
 0, 0, 0, 1, 0, 
 0, 0, 0, 0, 0, 
 0, 0, 0, 0, 0, 
 0, 0, 0, 0, 0, 
 0, 0, 0, 0, 0, 
 0, 0, 0, 0, 0, 
 0, 0, 0, 0, 0, 
 0, 0, 0, 0, 0, 
 0, 0, 0, 1, 0, ; 
 120; 4/12/2023 12:40:09 PM; 773.3876; 11111; 
 0, 0, 0, 0, 0, 
 0, 0, 0, 0, 0, 
 0, 0, 0, 0, 0, 
 0, 0, 0, 0, 0, 
 0, 0, 0, 0, 0, 
 0, 0, 0, 0, 0, 
 0, 0, 0, 0, 0, 
 0, 0, 0, 0, 0, 
 0, 0, 0, 0, 0, 
 0, 0, 0, 0, 0, 
 0, 0, 0, 0, 0, 
 0, 0, 0, 0, 0, 
 0, 0, 0, 0, 0, 
 0, 0, 0, 0, 0, 
 0, 0, 0, 0, 0, 
 0, 0, 0, 0, 0, 
 0, 0, 0, 0, 0, 
 0, 0, 0, 0, 0, 
 0, 0, 0, 0, 0, 
 0, 0, 0, 0, 0, 
 0, 0, 0, 0, 0, 
 0, 0, 0, 0, 0, 
 0, 0, 0, 0, 0, 
 -0.1, -0.1, -0.1, 0.103, 0, 
 0, 0, 0, 0, 0, 
 0, 0, 0, 0, 0, 
 0, 0, 0, 0, 0, 
 0, 0, 0, 0, 0, 
 0, 0, 0, 0, 0, 
 0, 0, 0, 0, 0, 
 0, 0, 0, 0, 0, 
 -0.1, -0.1, -0.18, 0.1, 0, ; 
 
 0, 0, 0, 0, 0, 
 0, 0, 0, 0, 0, 
 0, 0, 0, 0, 0, 
 0, 0, 0, 0, 0, 
 0, 0, 0, 0, 0, 
 0, 0, 0, 0, 0, 
 0, 0, 0, 0, 0, 
 0, 0, 0, 0, 0, 
 0, 0, 0, 0, 0, 
 0, 0, 0, 0, 0, 
 0, 0, 0, 0, 0, 
 0, 0, 0, 0, 0, 
 0, 0, 0, 0, 0, 
 0, 0, 0, 0, 0, 
 0, 0, 0, 0, 0, 
 0, 0, 0, 0, 0, 
 0, 0, 0, 0, 0, 
 0, 0, 0, 0, 0, 
 0, 0, 0, 0, 0, 
 0, 0, 0, 0, 0, 
 0, 0, 0, 0, 0, 
 0, 0, 0, 0, 0, 
 0, 0, 0, 0, 0, 
 1, 1, 1, 1, 0, 
 0, 0, 0, 0, 0, 
 0, 0, 0, 0, 0, 
 0, 0, 0, 0, 0, 
 0, 0, 0, 0, 0, 
 0, 0, 0, 0, 0, 
 0, 0, 0, 0, 0, 
 0, 0, 0, 0, 0, 
 1, 1, 2, 1, 0, ; 
 
 0, 0, 0, 0, 0, 
 0, 0, 0, 0, 0, 
 0, 0, 0, 0, 0, 
 0, 0, 0, 0, 0, 
 0, 0, 0, 0, 0, 
 0, 0, 0, 0, 0, 
 0, 0, 0, 0, 0, 
 0, 0, 0, 0, 0, 
 0, 0, 0, 0, 0, 
 0, 0, 0, 0, 0, 
 0, 0, 0, 0, 0, 
 0, 0, 0, 0, 0, 
 0, 0, 0, 0, 0, 
 0, 0, 0, 0, 0, 
 0, 0, 0, 0, 0, 
 0, 0, 0, 0, 0, 
 0, 0, 0, 0, 0, 
 0, 0, 0, 0, 0, 
 0, 0, 0, 0, 0, 
 0, 0, 0, 0, 0, 
 0, 0, 0, 0, 0, 
 0, 0, 0, 0, 0, 
 0, 0, 0, 0, 0, 
 0, 0, 0, 1, 0, 
 0, 0, 0, 0, 0, 
 0, 0, 0, 0, 0, 
 0, 0, 0, 0, 0, 
 0, 0, 0, 0, 0, 
 0, 0, 0, 0, 0, 
 0, 0, 0, 0, 0, 
 0, 0, 0, 0, 0, 
 0, 0, 0, 1, 0, ; 
 120; 4/12/2023 12:41:06 PM; 831.3204; 11111; 
 0, 0, 0, 0, 0, 
 0, 0, 0, 0, 0, 
 0, 0, 0, 0, 0, 
 0, 0, 0, 0, 0, 
 0, 0, 0, 0, 0, 
 0, 0, 0, 0, 0, 
 0, 0, 0, 0, 0, 
 0, 0, 0, 0, 0, 
 0, 0, 0, 0, 0, 
 0, 0, 0, 0, 0, 
 0, 0, 0, 0, 0, 
 0, 0, 0, 0, 0, 
 0, 0, 0, 0, 0, 
 0, 0, 0, 0, 0, 
 0, 0, 0, 0, 0, 
 0, 0, 0, 0, 0, 
 0, 0, 0, 0, 0, 
 0, 0, 0, 0, 0, 
 0, 0, 0, 0, 0, 
 0, 0, 0, 0, 0, 
 0, 0, 0, 0, 0, 
 0, 0, 0, 0, 0, 
 0, 0, 0, 0, 0, 
 -0.1, -0.1, -0.1, 0.103, 0, 
 0, 0, 0, 0, 0, 
 0, 0, 0, 0, 0, 
 0, 0, 0, 0, 0, 
 0, 0, 0, 0, 0, 
 0, 0, 0, 0, 0, 
 0, 0, 0, 0, 0, 
 0, 0, 0, 0, 0, 
 -0.1, -0.1, -0.18, -0.01691, 0, ; 
 
 0, 0, 0, 0, 0, 
 0, 0, 0, 0, 0, 
 0, 0, 0, 0, 0, 
 0, 0, 0, 0, 0, 
 0, 0, 0, 0, 0, 
 0, 0, 0, 0, 0, 
 0, 0, 0, 0, 0, 
 0, 0, 0, 0, 0, 
 0, 0, 0, 0, 0, 
 0, 0, 0, 0, 0, 
 0, 0, 0, 0, 0, 
 0, 0, 0, 0, 0, 
 0, 0, 0, 0, 0, 
 0, 0, 0, 0, 0, 
 0, 0, 0, 0, 0, 
 0, 0, 0, 0, 0, 
 0, 0, 0, 0, 0, 
 0, 0, 0, 0, 0, 
 0, 0, 0, 0, 0, 
 0, 0, 0, 0, 0, 
 0, 0, 0, 0, 0, 
 0, 0, 0, 0, 0, 
 0, 0, 0, 0, 0, 
 1, 1, 1, 1, 0, 
 0, 0, 0, 0, 0, 
 0, 0, 0, 0, 0, 
 0, 0, 0, 0, 0, 
 0, 0, 0, 0, 0, 
 0, 0, 0, 0, 0, 
 0, 0, 0, 0, 0, 
 0, 0, 0, 0, 0, 
 1, 1, 2, 2, 0, ; 
 
 0, 0, 0, 0, 0, 
 0, 0, 0, 0, 0, 
 0, 0, 0, 0, 0, 
 0, 0, 0, 0, 0, 
 0, 0, 0, 0, 0, 
 0, 0, 0, 0, 0, 
 0, 0, 0, 0, 0, 
 0, 0, 0, 0, 0, 
 0, 0, 0, 0, 0, 
 0, 0, 0, 0, 0, 
 0, 0, 0, 0, 0, 
 0, 0, 0, 0, 0, 
 0, 0, 0, 0, 0, 
 0, 0, 0, 0, 0, 
 0, 0, 0, 0, 0, 
 0, 0, 0, 0, 0, 
 0, 0, 0, 0, 0, 
 0, 0, 0, 0, 0, 
 0, 0, 0, 0, 0, 
 0, 0, 0, 0, 0, 
 0, 0, 0, 0, 0, 
 0, 0, 0, 0, 0, 
 0, 0, 0, 0, 0, 
 0, 0, 0, 1, 0, 
 0, 0, 0, 0, 0, 
 0, 0, 0, 0, 0, 
 0, 0, 0, 0, 0, 
 0, 0, 0, 0, 0, 
 0, 0, 0, 0, 0, 
 0, 0, 0, 0, 0, 
 0, 0, 0, 0, 0, 
 0, 0, 0, 1, 0, ; 
 120; 4/12/2023 12:42:30 PM; 914.3969; 11111; 
 0, 0, 0, 0, 0, 
 0, 0, 0, 0, 0, 
 0, 0, 0, 0, 0, 
 0, 0, 0, 0, 0, 
 0, 0, 0, 0, 0, 
 0, 0, 0, 0, 0, 
 0, 0, 0, 0, 0, 
 0, 0, 0, 0, 0, 
 0, 0, 0, 0, 0, 
 0, 0, 0, 0, 0, 
 0, 0, 0, 0, 0, 
 0, 0, 0, 0, 0, 
 0, 0, 0, 0, 0, 
 0, 0, 0, 0, 0, 
 0, 0, 0, 0, 0, 
 0, 0, 0, 0, 0, 
 0, 0, 0, 0, 0, 
 0, 0, 0, 0, 0, 
 0, 0, 0, 0, 0, 
 0, 0, 0, 0, 0, 
 0, 0, 0, 0, 0, 
 0, 0, 0, 0, 0, 
 0, 0, 0, 0, 0, 
 -0.1, -0.1, -0.1, 0.103, 0, 
 0, 0, 0, 0, 0, 
 0, 0, 0, 0, 0, 
 0, 0, 0, 0, 0, 
 0, 0, 0, 0, 0, 
 0, 0, 0, 0, 0, 
 0, 0, 0, 0, 0, 
 0, 0, 0, 0, 0, 
 -0.1, -0.1, -0.18, -0.01691, 0.1, ; 
 
 0, 0, 0, 0, 0, 
 0, 0, 0, 0, 0, 
 0, 0, 0, 0, 0, 
 0, 0, 0, 0, 0, 
 0, 0, 0, 0, 0, 
 0, 0, 0, 0, 0, 
 0, 0, 0, 0, 0, 
 0, 0, 0, 0, 0, 
 0, 0, 0, 0, 0, 
 0, 0, 0, 0, 0, 
 0, 0, 0, 0, 0, 
 0, 0, 0, 0, 0, 
 0, 0, 0, 0, 0, 
 0, 0, 0, 0, 0, 
 0, 0, 0, 0, 0, 
 0, 0, 0, 0, 0, 
 0, 0, 0, 0, 0, 
 0, 0, 0, 0, 0, 
 0, 0, 0, 0, 0, 
 0, 0, 0, 0, 0, 
 0, 0, 0, 0, 0, 
 0, 0, 0, 0, 0, 
 0, 0, 0, 0, 0, 
 1, 1, 1, 1, 0, 
 0, 0, 0, 0, 0, 
 0, 0, 0, 0, 0, 
 0, 0, 0, 0, 0, 
 0, 0, 0, 0, 0, 
 0, 0, 0, 0, 0, 
 0, 0, 0, 0, 0, 
 0, 0, 0, 0, 0, 
 1, 1, 2, 2, 1, ; 
 
 0, 0, 0, 0, 0, 
 0, 0, 0, 0, 0, 
 0, 0, 0, 0, 0, 
 0, 0, 0, 0, 0, 
 0, 0, 0, 0, 0, 
 0, 0, 0, 0, 0, 
 0, 0, 0, 0, 0, 
 0, 0, 0, 0, 0, 
 0, 0, 0, 0, 0, 
 0, 0, 0, 0, 0, 
 0, 0, 0, 0, 0, 
 0, 0, 0, 0, 0, 
 0, 0, 0, 0, 0, 
 0, 0, 0, 0, 0, 
 0, 0, 0, 0, 0, 
 0, 0, 0, 0, 0, 
 0, 0, 0, 0, 0, 
 0, 0, 0, 0, 0, 
 0, 0, 0, 0, 0, 
 0, 0, 0, 0, 0, 
 0, 0, 0, 0, 0, 
 0, 0, 0, 0, 0, 
 0, 0, 0, 0, 0, 
 0, 0, 0, 1, 0, 
 0, 0, 0, 0, 0, 
 0, 0, 0, 0, 0, 
 0, 0, 0, 0, 0, 
 0, 0, 0, 0, 0, 
 0, 0, 0, 0, 0, 
 0, 0, 0, 0, 0, 
 0, 0, 0, 0, 0, 
 0, 0, 0, 1, 1, ; 
 120; 4/12/2023 12:43:23 PM; 967.746; 01111; 
 0, 0, 0, 0, 0, 
 0, 0, 0, 0, 0, 
 0, 0, 0, 0, 0, 
 0, 0, 0, 0, 0, 
 0, 0, 0, 0, 0, 
 0, 0, 0, 0, 0, 
 0, 0, 0, 0, 0, 
 0, 0, 0, 0, 0, 
 0, 0, 0, 0, 0, 
 0, 0, 0, 0, 0, 
 0, 0, 0, 0, 0, 
 0, 0, 0, 0, 0, 
 0, 0, 0, 0, 0, 
 0, 0, 0, 0, 0, 
 0, 0, 0, 0, 0, 
 -0.1, 0, 0, 0, 0, 
 0, 0, 0, 0, 0, 
 0, 0, 0, 0, 0, 
 0, 0, 0, 0, 0, 
 0, 0, 0, 0, 0, 
 0, 0, 0, 0, 0, 
 0, 0, 0, 0, 0, 
 0, 0, 0, 0, 0, 
 -0.1, -0.1, -0.1, 0.103, 0, 
 0, 0, 0, 0, 0, 
 0, 0, 0, 0, 0, 
 0, 0, 0, 0, 0, 
 0, 0, 0, 0, 0, 
 0, 0, 0, 0, 0, 
 0, 0, 0, 0, 0, 
 0, 0, 0, 0, 0, 
 -0.1, -0.1, -0.18, -0.01691, 0.1, ; 
 
 0, 0, 0, 0, 0, 
 0, 0, 0, 0, 0, 
 0, 0, 0, 0, 0, 
 0, 0, 0, 0, 0, 
 0, 0, 0, 0, 0, 
 0, 0, 0, 0, 0, 
 0, 0, 0, 0, 0, 
 0, 0, 0, 0, 0, 
 0, 0, 0, 0, 0, 
 0, 0, 0, 0, 0, 
 0, 0, 0, 0, 0, 
 0, 0, 0, 0, 0, 
 0, 0, 0, 0, 0, 
 0, 0, 0, 0, 0, 
 0, 0, 0, 0, 0, 
 1, 0, 0, 0, 0, 
 0, 0, 0, 0, 0, 
 0, 0, 0, 0, 0, 
 0, 0, 0, 0, 0, 
 0, 0, 0, 0, 0, 
 0, 0, 0, 0, 0, 
 0, 0, 0, 0, 0, 
 0, 0, 0, 0, 0, 
 1, 1, 1, 1, 0, 
 0, 0, 0, 0, 0, 
 0, 0, 0, 0, 0, 
 0, 0, 0, 0, 0, 
 0, 0, 0, 0, 0, 
 0, 0, 0, 0, 0, 
 0, 0, 0, 0, 0, 
 0, 0, 0, 0, 0, 
 1, 1, 2, 2, 1, ; 
 
 0, 0, 0, 0, 0, 
 0, 0, 0, 0, 0, 
 0, 0, 0, 0, 0, 
 0, 0, 0, 0, 0, 
 0, 0, 0, 0, 0, 
 0, 0, 0, 0, 0, 
 0, 0, 0, 0, 0, 
 0, 0, 0, 0, 0, 
 0, 0, 0, 0, 0, 
 0, 0, 0, 0, 0, 
 0, 0, 0, 0, 0, 
 0, 0, 0, 0, 0, 
 0, 0, 0, 0, 0, 
 0, 0, 0, 0, 0, 
 0, 0, 0, 0, 0, 
 0, 0, 0, 0, 0, 
 0, 0, 0, 0, 0, 
 0, 0, 0, 0, 0, 
 0, 0, 0, 0, 0, 
 0, 0, 0, 0, 0, 
 0, 0, 0, 0, 0, 
 0, 0, 0, 0, 0, 
 0, 0, 0, 0, 0, 
 0, 0, 0, 1, 0, 
 0, 0, 0, 0, 0, 
 0, 0, 0, 0, 0, 
 0, 0, 0, 0, 0, 
 0, 0, 0, 0, 0, 
 0, 0, 0, 0, 0, 
 0, 0, 0, 0, 0, 
 0, 0, 0, 0, 0, 
 0, 0, 0, 1, 1, ; 
 120; 4/12/2023 12:44:14 PM; 1019.174; 01111; 
 0, 0, 0, 0, 0, 
 0, 0, 0, 0, 0, 
 0, 0, 0, 0, 0, 
 0, 0, 0, 0, 0, 
 0, 0, 0, 0, 0, 
 0, 0, 0, 0, 0, 
 0, 0, 0, 0, 0, 
 0, 0, 0, 0, 0, 
 0, 0, 0, 0, 0, 
 0, 0, 0, 0, 0, 
 0, 0, 0, 0, 0, 
 0, 0, 0, 0, 0, 
 0, 0, 0, 0, 0, 
 0, 0, 0, 0, 0, 
 0, 0, 0, 0, 0, 
 -0.1, -0.1, 0, 0, 0, 
 0, 0, 0, 0, 0, 
 0, 0, 0, 0, 0, 
 0, 0, 0, 0, 0, 
 0, 0, 0, 0, 0, 
 0, 0, 0, 0, 0, 
 0, 0, 0, 0, 0, 
 0, 0, 0, 0, 0, 
 -0.1, -0.1, -0.1, 0.103, 0, 
 0, 0, 0, 0, 0, 
 0, 0, 0, 0, 0, 
 0, 0, 0, 0, 0, 
 0, 0, 0, 0, 0, 
 0, 0, 0, 0, 0, 
 0, 0, 0, 0, 0, 
 0, 0, 0, 0, 0, 
 -0.1, -0.1, -0.18, -0.01691, 0.1, ; 
 
 0, 0, 0, 0, 0, 
 0, 0, 0, 0, 0, 
 0, 0, 0, 0, 0, 
 0, 0, 0, 0, 0, 
 0, 0, 0, 0, 0, 
 0, 0, 0, 0, 0, 
 0, 0, 0, 0, 0, 
 0, 0, 0, 0, 0, 
 0, 0, 0, 0, 0, 
 0, 0, 0, 0, 0, 
 0, 0, 0, 0, 0, 
 0, 0, 0, 0, 0, 
 0, 0, 0, 0, 0, 
 0, 0, 0, 0, 0, 
 0, 0, 0, 0, 0, 
 1, 1, 0, 0, 0, 
 0, 0, 0, 0, 0, 
 0, 0, 0, 0, 0, 
 0, 0, 0, 0, 0, 
 0, 0, 0, 0, 0, 
 0, 0, 0, 0, 0, 
 0, 0, 0, 0, 0, 
 0, 0, 0, 0, 0, 
 1, 1, 1, 1, 0, 
 0, 0, 0, 0, 0, 
 0, 0, 0, 0, 0, 
 0, 0, 0, 0, 0, 
 0, 0, 0, 0, 0, 
 0, 0, 0, 0, 0, 
 0, 0, 0, 0, 0, 
 0, 0, 0, 0, 0, 
 1, 1, 2, 2, 1, ; 
 
 0, 0, 0, 0, 0, 
 0, 0, 0, 0, 0, 
 0, 0, 0, 0, 0, 
 0, 0, 0, 0, 0, 
 0, 0, 0, 0, 0, 
 0, 0, 0, 0, 0, 
 0, 0, 0, 0, 0, 
 0, 0, 0, 0, 0, 
 0, 0, 0, 0, 0, 
 0, 0, 0, 0, 0, 
 0, 0, 0, 0, 0, 
 0, 0, 0, 0, 0, 
 0, 0, 0, 0, 0, 
 0, 0, 0, 0, 0, 
 0, 0, 0, 0, 0, 
 0, 0, 0, 0, 0, 
 0, 0, 0, 0, 0, 
 0, 0, 0, 0, 0, 
 0, 0, 0, 0, 0, 
 0, 0, 0, 0, 0, 
 0, 0, 0, 0, 0, 
 0, 0, 0, 0, 0, 
 0, 0, 0, 0, 0, 
 0, 0, 0, 1, 0, 
 0, 0, 0, 0, 0, 
 0, 0, 0, 0, 0, 
 0, 0, 0, 0, 0, 
 0, 0, 0, 0, 0, 
 0, 0, 0, 0, 0, 
 0, 0, 0, 0, 0, 
 0, 0, 0, 0, 0, 
 0, 0, 0, 1, 1, ; 
 120; 4/12/2023 12:45:02 PM; 1066.691; 01111; 
 0, 0, 0, 0, 0, 
 0, 0, 0, 0, 0, 
 0, 0, 0, 0, 0, 
 0, 0, 0, 0, 0, 
 0, 0, 0, 0, 0, 
 0, 0, 0, 0, 0, 
 0, 0, 0, 0, 0, 
 0, 0, 0, 0, 0, 
 0, 0, 0, 0, 0, 
 0, 0, 0, 0, 0, 
 0, 0, 0, 0, 0, 
 0, 0, 0, 0, 0, 
 0, 0, 0, 0, 0, 
 0, 0, 0, 0, 0, 
 0, 0, 0, 0, 0, 
 -0.1, -0.1, -0.1, 0, 0, 
 0, 0, 0, 0, 0, 
 0, 0, 0, 0, 0, 
 0, 0, 0, 0, 0, 
 0, 0, 0, 0, 0, 
 0, 0, 0, 0, 0, 
 0, 0, 0, 0, 0, 
 0, 0, 0, 0, 0, 
 -0.1, -0.1, -0.1, 0.103, 0, 
 0, 0, 0, 0, 0, 
 0, 0, 0, 0, 0, 
 0, 0, 0, 0, 0, 
 0, 0, 0, 0, 0, 
 0, 0, 0, 0, 0, 
 0, 0, 0, 0, 0, 
 0, 0, 0, 0, 0, 
 -0.1, -0.1, -0.18, -0.01691, 0.1, ; 
 
 0, 0, 0, 0, 0, 
 0, 0, 0, 0, 0, 
 0, 0, 0, 0, 0, 
 0, 0, 0, 0, 0, 
 0, 0, 0, 0, 0, 
 0, 0, 0, 0, 0, 
 0, 0, 0, 0, 0, 
 0, 0, 0, 0, 0, 
 0, 0, 0, 0, 0, 
 0, 0, 0, 0, 0, 
 0, 0, 0, 0, 0, 
 0, 0, 0, 0, 0, 
 0, 0, 0, 0, 0, 
 0, 0, 0, 0, 0, 
 0, 0, 0, 0, 0, 
 1, 1, 1, 0, 0, 
 0, 0, 0, 0, 0, 
 0, 0, 0, 0, 0, 
 0, 0, 0, 0, 0, 
 0, 0, 0, 0, 0, 
 0, 0, 0, 0, 0, 
 0, 0, 0, 0, 0, 
 0, 0, 0, 0, 0, 
 1, 1, 1, 1, 0, 
 0, 0, 0, 0, 0, 
 0, 0, 0, 0, 0, 
 0, 0, 0, 0, 0, 
 0, 0, 0, 0, 0, 
 0, 0, 0, 0, 0, 
 0, 0, 0, 0, 0, 
 0, 0, 0, 0, 0, 
 1, 1, 2, 2, 1, ; 
 
 0, 0, 0, 0, 0, 
 0, 0, 0, 0, 0, 
 0, 0, 0, 0, 0, 
 0, 0, 0, 0, 0, 
 0, 0, 0, 0, 0, 
 0, 0, 0, 0, 0, 
 0, 0, 0, 0, 0, 
 0, 0, 0, 0, 0, 
 0, 0, 0, 0, 0, 
 0, 0, 0, 0, 0, 
 0, 0, 0, 0, 0, 
 0, 0, 0, 0, 0, 
 0, 0, 0, 0, 0, 
 0, 0, 0, 0, 0, 
 0, 0, 0, 0, 0, 
 0, 0, 0, 0, 0, 
 0, 0, 0, 0, 0, 
 0, 0, 0, 0, 0, 
 0, 0, 0, 0, 0, 
 0, 0, 0, 0, 0, 
 0, 0, 0, 0, 0, 
 0, 0, 0, 0, 0, 
 0, 0, 0, 0, 0, 
 0, 0, 0, 1, 0, 
 0, 0, 0, 0, 0, 
 0, 0, 0, 0, 0, 
 0, 0, 0, 0, 0, 
 0, 0, 0, 0, 0, 
 0, 0, 0, 0, 0, 
 0, 0, 0, 0, 0, 
 0, 0, 0, 0, 0, 
 0, 0, 0, 1, 1, ; 
 120; 4/12/2023 12:45:51 PM; 1115.714; 01111; 
 0, 0, 0, 0, 0, 
 0, 0, 0, 0, 0, 
 0, 0, 0, 0, 0, 
 0, 0, 0, 0, 0, 
 0, 0, 0, 0, 0, 
 0, 0, 0, 0, 0, 
 0, 0, 0, 0, 0, 
 0, 0, 0, 0, 0, 
 0, 0, 0, 0, 0, 
 0, 0, 0, 0, 0, 
 0, 0, 0, 0, 0, 
 0, 0, 0, 0, 0, 
 0, 0, 0, 0, 0, 
 0, 0, 0, 0, 0, 
 0, 0, 0, 0, 0, 
 -0.18, -0.1, -0.1, 0, 0, 
 0, 0, 0, 0, 0, 
 0, 0, 0, 0, 0, 
 0, 0, 0, 0, 0, 
 0, 0, 0, 0, 0, 
 0, 0, 0, 0, 0, 
 0, 0, 0, 0, 0, 
 0, 0, 0, 0, 0, 
 -0.1, -0.1, -0.1, 0.103, 0, 
 0, 0, 0, 0, 0, 
 0, 0, 0, 0, 0, 
 0, 0, 0, 0, 0, 
 0, 0, 0, 0, 0, 
 0, 0, 0, 0, 0, 
 0, 0, 0, 0, 0, 
 0, 0, 0, 0, 0, 
 -0.1, -0.1, -0.18, -0.01691, 0.1, ; 
 
 0, 0, 0, 0, 0, 
 0, 0, 0, 0, 0, 
 0, 0, 0, 0, 0, 
 0, 0, 0, 0, 0, 
 0, 0, 0, 0, 0, 
 0, 0, 0, 0, 0, 
 0, 0, 0, 0, 0, 
 0, 0, 0, 0, 0, 
 0, 0, 0, 0, 0, 
 0, 0, 0, 0, 0, 
 0, 0, 0, 0, 0, 
 0, 0, 0, 0, 0, 
 0, 0, 0, 0, 0, 
 0, 0, 0, 0, 0, 
 0, 0, 0, 0, 0, 
 2, 1, 1, 0, 0, 
 0, 0, 0, 0, 0, 
 0, 0, 0, 0, 0, 
 0, 0, 0, 0, 0, 
 0, 0, 0, 0, 0, 
 0, 0, 0, 0, 0, 
 0, 0, 0, 0, 0, 
 0, 0, 0, 0, 0, 
 1, 1, 1, 1, 0, 
 0, 0, 0, 0, 0, 
 0, 0, 0, 0, 0, 
 0, 0, 0, 0, 0, 
 0, 0, 0, 0, 0, 
 0, 0, 0, 0, 0, 
 0, 0, 0, 0, 0, 
 0, 0, 0, 0, 0, 
 1, 1, 2, 2, 1, ; 
 
 0, 0, 0, 0, 0, 
 0, 0, 0, 0, 0, 
 0, 0, 0, 0, 0, 
 0, 0, 0, 0, 0, 
 0, 0, 0, 0, 0, 
 0, 0, 0, 0, 0, 
 0, 0, 0, 0, 0, 
 0, 0, 0, 0, 0, 
 0, 0, 0, 0, 0, 
 0, 0, 0, 0, 0, 
 0, 0, 0, 0, 0, 
 0, 0, 0, 0, 0, 
 0, 0, 0, 0, 0, 
 0, 0, 0, 0, 0, 
 0, 0, 0, 0, 0, 
 0, 0, 0, 0, 0, 
 0, 0, 0, 0, 0, 
 0, 0, 0, 0, 0, 
 0, 0, 0, 0, 0, 
 0, 0, 0, 0, 0, 
 0, 0, 0, 0, 0, 
 0, 0, 0, 0, 0, 
 0, 0, 0, 0, 0, 
 0, 0, 0, 1, 0, 
 0, 0, 0, 0, 0, 
 0, 0, 0, 0, 0, 
 0, 0, 0, 0, 0, 
 0, 0, 0, 0, 0, 
 0, 0, 0, 0, 0, 
 0, 0, 0, 0, 0, 
 0, 0, 0, 0, 0, 
 0, 0, 0, 1, 1, ; 
 120; 4/12/2023 12:46:51 PM; 1175.716; 01111; 
 0, 0, 0, 0, 0, 
 0, 0, 0, 0, 0, 
 0, 0, 0, 0, 0, 
 0, 0, 0, 0, 0, 
 0, 0, 0, 0, 0, 
 0, 0, 0, 0, 0, 
 0, 0, 0, 0, 0, 
 0, 0, 0, 0, 0, 
 0, 0, 0, 0, 0, 
 0, 0, 0, 0, 0, 
 0, 0, 0, 0, 0, 
 0, 0, 0, 0, 0, 
 0, 0, 0, 0, 0, 
 0, 0, 0, 0, 0, 
 0, 0, 0, 0, 0, 
 -0.18, -0.1, -0.1, -0.1, 0, 
 0, 0, 0, 0, 0, 
 0, 0, 0, 0, 0, 
 0, 0, 0, 0, 0, 
 0, 0, 0, 0, 0, 
 0, 0, 0, 0, 0, 
 0, 0, 0, 0, 0, 
 0, 0, 0, 0, 0, 
 -0.1, -0.1, -0.1, 0.103, 0, 
 0, 0, 0, 0, 0, 
 0, 0, 0, 0, 0, 
 0, 0, 0, 0, 0, 
 0, 0, 0, 0, 0, 
 0, 0, 0, 0, 0, 
 0, 0, 0, 0, 0, 
 0, 0, 0, 0, 0, 
 -0.1, -0.1, -0.18, -0.01691, 0.1, ; 
 
 0, 0, 0, 0, 0, 
 0, 0, 0, 0, 0, 
 0, 0, 0, 0, 0, 
 0, 0, 0, 0, 0, 
 0, 0, 0, 0, 0, 
 0, 0, 0, 0, 0, 
 0, 0, 0, 0, 0, 
 0, 0, 0, 0, 0, 
 0, 0, 0, 0, 0, 
 0, 0, 0, 0, 0, 
 0, 0, 0, 0, 0, 
 0, 0, 0, 0, 0, 
 0, 0, 0, 0, 0, 
 0, 0, 0, 0, 0, 
 0, 0, 0, 0, 0, 
 2, 1, 1, 1, 0, 
 0, 0, 0, 0, 0, 
 0, 0, 0, 0, 0, 
 0, 0, 0, 0, 0, 
 0, 0, 0, 0, 0, 
 0, 0, 0, 0, 0, 
 0, 0, 0, 0, 0, 
 0, 0, 0, 0, 0, 
 1, 1, 1, 1, 0, 
 0, 0, 0, 0, 0, 
 0, 0, 0, 0, 0, 
 0, 0, 0, 0, 0, 
 0, 0, 0, 0, 0, 
 0, 0, 0, 0, 0, 
 0, 0, 0, 0, 0, 
 0, 0, 0, 0, 0, 
 1, 1, 2, 2, 1, ; 
 
 0, 0, 0, 0, 0, 
 0, 0, 0, 0, 0, 
 0, 0, 0, 0, 0, 
 0, 0, 0, 0, 0, 
 0, 0, 0, 0, 0, 
 0, 0, 0, 0, 0, 
 0, 0, 0, 0, 0, 
 0, 0, 0, 0, 0, 
 0, 0, 0, 0, 0, 
 0, 0, 0, 0, 0, 
 0, 0, 0, 0, 0, 
 0, 0, 0, 0, 0, 
 0, 0, 0, 0, 0, 
 0, 0, 0, 0, 0, 
 0, 0, 0, 0, 0, 
 0, 0, 0, 0, 0, 
 0, 0, 0, 0, 0, 
 0, 0, 0, 0, 0, 
 0, 0, 0, 0, 0, 
 0, 0, 0, 0, 0, 
 0, 0, 0, 0, 0, 
 0, 0, 0, 0, 0, 
 0, 0, 0, 0, 0, 
 0, 0, 0, 1, 0, 
 0, 0, 0, 0, 0, 
 0, 0, 0, 0, 0, 
 0, 0, 0, 0, 0, 
 0, 0, 0, 0, 0, 
 0, 0, 0, 0, 0, 
 0, 0, 0, 0, 0, 
 0, 0, 0, 0, 0, 
 0, 0, 0, 1, 1, ; 
 120; 4/12/2023 12:47:58 PM; 1243.185; 01111; 
 0, 0, 0, 0, 0, 
 0, 0, 0, 0, 0, 
 0, 0, 0, 0, 0, 
 0, 0, 0, 0, 0, 
 0, 0, 0, 0, 0, 
 0, 0, 0, 0, 0, 
 0, 0, 0, 0, 0, 
 0, 0, 0, 0, 0, 
 0, 0, 0, 0, 0, 
 0, 0, 0, 0, 0, 
 0, 0, 0, 0, 0, 
 0, 0, 0, 0, 0, 
 0, 0, 0, 0, 0, 
 0, 0, 0, 0, 0, 
 0, 0, 0, 0, 0, 
 -0.18, -0.1, -0.1, -0.1, 0.103, 
 0, 0, 0, 0, 0, 
 0, 0, 0, 0, 0, 
 0, 0, 0, 0, 0, 
 0, 0, 0, 0, 0, 
 0, 0, 0, 0, 0, 
 0, 0, 0, 0, 0, 
 0, 0, 0, 0, 0, 
 -0.1, -0.1, -0.1, 0.103, 0, 
 0, 0, 0, 0, 0, 
 0, 0, 0, 0, 0, 
 0, 0, 0, 0, 0, 
 0, 0, 0, 0, 0, 
 0, 0, 0, 0, 0, 
 0, 0, 0, 0, 0, 
 0, 0, 0, 0, 0, 
 -0.1, -0.1, -0.18, -0.01691, 0.1, ; 
 
 0, 0, 0, 0, 0, 
 0, 0, 0, 0, 0, 
 0, 0, 0, 0, 0, 
 0, 0, 0, 0, 0, 
 0, 0, 0, 0, 0, 
 0, 0, 0, 0, 0, 
 0, 0, 0, 0, 0, 
 0, 0, 0, 0, 0, 
 0, 0, 0, 0, 0, 
 0, 0, 0, 0, 0, 
 0, 0, 0, 0, 0, 
 0, 0, 0, 0, 0, 
 0, 0, 0, 0, 0, 
 0, 0, 0, 0, 0, 
 0, 0, 0, 0, 0, 
 2, 1, 1, 1, 1, 
 0, 0, 0, 0, 0, 
 0, 0, 0, 0, 0, 
 0, 0, 0, 0, 0, 
 0, 0, 0, 0, 0, 
 0, 0, 0, 0, 0, 
 0, 0, 0, 0, 0, 
 0, 0, 0, 0, 0, 
 1, 1, 1, 1, 0, 
 0, 0, 0, 0, 0, 
 0, 0, 0, 0, 0, 
 0, 0, 0, 0, 0, 
 0, 0, 0, 0, 0, 
 0, 0, 0, 0, 0, 
 0, 0, 0, 0, 0, 
 0, 0, 0, 0, 0, 
 1, 1, 2, 2, 1, ; 
 
 0, 0, 0, 0, 0, 
 0, 0, 0, 0, 0, 
 0, 0, 0, 0, 0, 
 0, 0, 0, 0, 0, 
 0, 0, 0, 0, 0, 
 0, 0, 0, 0, 0, 
 0, 0, 0, 0, 0, 
 0, 0, 0, 0, 0, 
 0, 0, 0, 0, 0, 
 0, 0, 0, 0, 0, 
 0, 0, 0, 0, 0, 
 0, 0, 0, 0, 0, 
 0, 0, 0, 0, 0, 
 0, 0, 0, 0, 0, 
 0, 0, 0, 0, 0, 
 0, 0, 0, 0, 1, 
 0, 0, 0, 0, 0, 
 0, 0, 0, 0, 0, 
 0, 0, 0, 0, 0, 
 0, 0, 0, 0, 0, 
 0, 0, 0, 0, 0, 
 0, 0, 0, 0, 0, 
 0, 0, 0, 0, 0, 
 0, 0, 0, 1, 0, 
 0, 0, 0, 0, 0, 
 0, 0, 0, 0, 0, 
 0, 0, 0, 0, 0, 
 0, 0, 0, 0, 0, 
 0, 0, 0, 0, 0, 
 0, 0, 0, 0, 0, 
 0, 0, 0, 0, 0, 
 0, 0, 0, 1, 1, ; 
 120; 4/12/2023 12:48:44 PM; 1289.241; 11111; 
 0, 0, 0, 0, 0, 
 0, 0, 0, 0, 0, 
 0, 0, 0, 0, 0, 
 0, 0, 0, 0, 0, 
 0, 0, 0, 0, 0, 
 0, 0, 0, 0, 0, 
 0, 0, 0, 0, 0, 
 0, 0, 0, 0, 0, 
 0, 0, 0, 0, 0, 
 0, 0, 0, 0, 0, 
 0, 0, 0, 0, 0, 
 0, 0, 0, 0, 0, 
 0, 0, 0, 0, 0, 
 0, 0, 0, 0, 0, 
 0, 0, 0, 0, 0, 
 -0.18, -0.1, -0.1, -0.1, 0.103, 
 0, 0, 0, 0, 0, 
 0, 0, 0, 0, 0, 
 0, 0, 0, 0, 0, 
 0, 0, 0, 0, 0, 
 0, 0, 0, 0, 0, 
 0, 0, 0, 0, 0, 
 0, 0, 0, 0, 0, 
 -0.1, -0.1, -0.1, 0.103, 0, 
 0, 0, 0, 0, 0, 
 0, 0, 0, 0, 0, 
 0, 0, 0, 0, 0, 
 0, 0, 0, 0, 0, 
 0, 0, 0, 0, 0, 
 0, 0, 0, 0, 0, 
 0, 0, 0, 0, 0, 
 -0.1, -0.18, -0.18, -0.01691, 0.1, ; 
 
 0, 0, 0, 0, 0, 
 0, 0, 0, 0, 0, 
 0, 0, 0, 0, 0, 
 0, 0, 0, 0, 0, 
 0, 0, 0, 0, 0, 
 0, 0, 0, 0, 0, 
 0, 0, 0, 0, 0, 
 0, 0, 0, 0, 0, 
 0, 0, 0, 0, 0, 
 0, 0, 0, 0, 0, 
 0, 0, 0, 0, 0, 
 0, 0, 0, 0, 0, 
 0, 0, 0, 0, 0, 
 0, 0, 0, 0, 0, 
 0, 0, 0, 0, 0, 
 2, 1, 1, 1, 1, 
 0, 0, 0, 0, 0, 
 0, 0, 0, 0, 0, 
 0, 0, 0, 0, 0, 
 0, 0, 0, 0, 0, 
 0, 0, 0, 0, 0, 
 0, 0, 0, 0, 0, 
 0, 0, 0, 0, 0, 
 1, 1, 1, 1, 0, 
 0, 0, 0, 0, 0, 
 0, 0, 0, 0, 0, 
 0, 0, 0, 0, 0, 
 0, 0, 0, 0, 0, 
 0, 0, 0, 0, 0, 
 0, 0, 0, 0, 0, 
 0, 0, 0, 0, 0, 
 1, 2, 2, 2, 1, ; 
 
 0, 0, 0, 0, 0, 
 0, 0, 0, 0, 0, 
 0, 0, 0, 0, 0, 
 0, 0, 0, 0, 0, 
 0, 0, 0, 0, 0, 
 0, 0, 0, 0, 0, 
 0, 0, 0, 0, 0, 
 0, 0, 0, 0, 0, 
 0, 0, 0, 0, 0, 
 0, 0, 0, 0, 0, 
 0, 0, 0, 0, 0, 
 0, 0, 0, 0, 0, 
 0, 0, 0, 0, 0, 
 0, 0, 0, 0, 0, 
 0, 0, 0, 0, 0, 
 0, 0, 0, 0, 1, 
 0, 0, 0, 0, 0, 
 0, 0, 0, 0, 0, 
 0, 0, 0, 0, 0, 
 0, 0, 0, 0, 0, 
 0, 0, 0, 0, 0, 
 0, 0, 0, 0, 0, 
 0, 0, 0, 0, 0, 
 0, 0, 0, 1, 0, 
 0, 0, 0, 0, 0, 
 0, 0, 0, 0, 0, 
 0, 0, 0, 0, 0, 
 0, 0, 0, 0, 0, 
 0, 0, 0, 0, 0, 
 0, 0, 0, 0, 0, 
 0, 0, 0, 0, 0, 
 0, 0, 0, 1, 1, ; 
 120; 4/12/2023 12:49:34 PM; 1339.014; 11111; 
 0, 0, 0, 0, 0, 
 0, 0, 0, 0, 0, 
 0, 0, 0, 0, 0, 
 0, 0, 0, 0, 0, 
 0, 0, 0, 0, 0, 
 0, 0, 0, 0, 0, 
 0, 0, 0, 0, 0, 
 0, 0, 0, 0, 0, 
 0, 0, 0, 0, 0, 
 0, 0, 0, 0, 0, 
 0, 0, 0, 0, 0, 
 0, 0, 0, 0, 0, 
 0, 0, 0, 0, 0, 
 0, 0, 0, 0, 0, 
 0, 0, 0, 0, 0, 
 -0.18, -0.1, -0.1, -0.1, 0.103, 
 0, 0, 0, 0, 0, 
 0, 0, 0, 0, 0, 
 0, 0, 0, 0, 0, 
 0, 0, 0, 0, 0, 
 0, 0, 0, 0, 0, 
 0, 0, 0, 0, 0, 
 0, 0, 0, 0, 0, 
 -0.1, -0.1, -0.1, 0.103, 0, 
 0, 0, 0, 0, 0, 
 0, 0, 0, 0, 0, 
 0, 0, 0, 0, 0, 
 0, 0, 0, 0, 0, 
 0, 0, 0, 0, 0, 
 0, 0, 0, 0, 0, 
 0, 0, 0, 0, 0, 
 -0.1, -0.18, -0.18, -0.01691, -0.01691, ; 
 
 0, 0, 0, 0, 0, 
 0, 0, 0, 0, 0, 
 0, 0, 0, 0, 0, 
 0, 0, 0, 0, 0, 
 0, 0, 0, 0, 0, 
 0, 0, 0, 0, 0, 
 0, 0, 0, 0, 0, 
 0, 0, 0, 0, 0, 
 0, 0, 0, 0, 0, 
 0, 0, 0, 0, 0, 
 0, 0, 0, 0, 0, 
 0, 0, 0, 0, 0, 
 0, 0, 0, 0, 0, 
 0, 0, 0, 0, 0, 
 0, 0, 0, 0, 0, 
 2, 1, 1, 1, 1, 
 0, 0, 0, 0, 0, 
 0, 0, 0, 0, 0, 
 0, 0, 0, 0, 0, 
 0, 0, 0, 0, 0, 
 0, 0, 0, 0, 0, 
 0, 0, 0, 0, 0, 
 0, 0, 0, 0, 0, 
 1, 1, 1, 1, 0, 
 0, 0, 0, 0, 0, 
 0, 0, 0, 0, 0, 
 0, 0, 0, 0, 0, 
 0, 0, 0, 0, 0, 
 0, 0, 0, 0, 0, 
 0, 0, 0, 0, 0, 
 0, 0, 0, 0, 0, 
 1, 2, 2, 2, 2, ; 
 
 0, 0, 0, 0, 0, 
 0, 0, 0, 0, 0, 
 0, 0, 0, 0, 0, 
 0, 0, 0, 0, 0, 
 0, 0, 0, 0, 0, 
 0, 0, 0, 0, 0, 
 0, 0, 0, 0, 0, 
 0, 0, 0, 0, 0, 
 0, 0, 0, 0, 0, 
 0, 0, 0, 0, 0, 
 0, 0, 0, 0, 0, 
 0, 0, 0, 0, 0, 
 0, 0, 0, 0, 0, 
 0, 0, 0, 0, 0, 
 0, 0, 0, 0, 0, 
 0, 0, 0, 0, 1, 
 0, 0, 0, 0, 0, 
 0, 0, 0, 0, 0, 
 0, 0, 0, 0, 0, 
 0, 0, 0, 0, 0, 
 0, 0, 0, 0, 0, 
 0, 0, 0, 0, 0, 
 0, 0, 0, 0, 0, 
 0, 0, 0, 1, 0, 
 0, 0, 0, 0, 0, 
 0, 0, 0, 0, 0, 
 0, 0, 0, 0, 0, 
 0, 0, 0, 0, 0, 
 0, 0, 0, 0, 0, 
 0, 0, 0, 0, 0, 
 0, 0, 0, 0, 0, 
 0, 0, 0, 1, 1, ; 
 120; 4/12/2023 12:50:34 PM; 1398.432; 11111; 
 0, 0, 0, 0, 0, 
 0, 0, 0, 0, 0, 
 0, 0, 0, 0, 0, 
 0, 0, 0, 0, 0, 
 0, 0, 0, 0, 0, 
 0, 0, 0, 0, 0, 
 0, 0, 0, 0, 0, 
 0, 0, 0, 0, 0, 
 0, 0, 0, 0, 0, 
 0, 0, 0, 0, 0, 
 0, 0, 0, 0, 0, 
 0, 0, 0, 0, 0, 
 0, 0, 0, 0, 0, 
 0, 0, 0, 0, 0, 
 0, 0, 0, 0, 0, 
 -0.18, -0.1, -0.1, -0.1, 0.103, 
 0, 0, 0, 0, 0, 
 0, 0, 0, 0, 0, 
 0, 0, 0, 0, 0, 
 0, 0, 0, 0, 0, 
 0, 0, 0, 0, 0, 
 0, 0, 0, 0, 0, 
 0, 0, 0, 0, 0, 
 -0.1, -0.1, -0.1, 0.103, 0, 
 0, 0, 0, 0, 0, 
 0, 0, 0, 0, 0, 
 0, 0, 0, 0, 0, 
 0, 0, 0, 0, 0, 
 0, 0, 0, 0, 0, 
 0, 0, 0, 0, 0, 
 0, 0, 0, 0, 0, 
 -0.1, -0.18, -0.18, -0.110438, -0.01691, ; 
 
 0, 0, 0, 0, 0, 
 0, 0, 0, 0, 0, 
 0, 0, 0, 0, 0, 
 0, 0, 0, 0, 0, 
 0, 0, 0, 0, 0, 
 0, 0, 0, 0, 0, 
 0, 0, 0, 0, 0, 
 0, 0, 0, 0, 0, 
 0, 0, 0, 0, 0, 
 0, 0, 0, 0, 0, 
 0, 0, 0, 0, 0, 
 0, 0, 0, 0, 0, 
 0, 0, 0, 0, 0, 
 0, 0, 0, 0, 0, 
 0, 0, 0, 0, 0, 
 2, 1, 1, 1, 1, 
 0, 0, 0, 0, 0, 
 0, 0, 0, 0, 0, 
 0, 0, 0, 0, 0, 
 0, 0, 0, 0, 0, 
 0, 0, 0, 0, 0, 
 0, 0, 0, 0, 0, 
 0, 0, 0, 0, 0, 
 1, 1, 1, 1, 0, 
 0, 0, 0, 0, 0, 
 0, 0, 0, 0, 0, 
 0, 0, 0, 0, 0, 
 0, 0, 0, 0, 0, 
 0, 0, 0, 0, 0, 
 0, 0, 0, 0, 0, 
 0, 0, 0, 0, 0, 
 1, 2, 2, 3, 2, ; 
 
 0, 0, 0, 0, 0, 
 0, 0, 0, 0, 0, 
 0, 0, 0, 0, 0, 
 0, 0, 0, 0, 0, 
 0, 0, 0, 0, 0, 
 0, 0, 0, 0, 0, 
 0, 0, 0, 0, 0, 
 0, 0, 0, 0, 0, 
 0, 0, 0, 0, 0, 
 0, 0, 0, 0, 0, 
 0, 0, 0, 0, 0, 
 0, 0, 0, 0, 0, 
 0, 0, 0, 0, 0, 
 0, 0, 0, 0, 0, 
 0, 0, 0, 0, 0, 
 0, 0, 0, 0, 1, 
 0, 0, 0, 0, 0, 
 0, 0, 0, 0, 0, 
 0, 0, 0, 0, 0, 
 0, 0, 0, 0, 0, 
 0, 0, 0, 0, 0, 
 0, 0, 0, 0, 0, 
 0, 0, 0, 0, 0, 
 0, 0, 0, 1, 0, 
 0, 0, 0, 0, 0, 
 0, 0, 0, 0, 0, 
 0, 0, 0, 0, 0, 
 0, 0, 0, 0, 0, 
 0, 0, 0, 0, 0, 
 0, 0, 0, 0, 0, 
 0, 0, 0, 0, 0, 
 0, 0, 0, 1, 1, ; 
 120; 4/12/2023 12:51:19 PM; 1443.471; 11111; 
 0, 0, 0, 0, 0, 
 0, 0, 0, 0, 0, 
 0, 0, 0, 0, 0, 
 0, 0, 0, 0, 0, 
 0, 0, 0, 0, 0, 
 0, 0, 0, 0, 0, 
 0, 0, 0, 0, 0, 
 0, 0, 0, 0, 0, 
 0, 0, 0, 0, 0, 
 0, 0, 0, 0, 0, 
 0, 0, 0, 0, 0, 
 0, 0, 0, 0, 0, 
 0, 0, 0, 0, 0, 
 0, 0, 0, 0, 0, 
 0, 0, 0, 0, 0, 
 -0.18, -0.1, -0.1, -0.1, 0.103, 
 0, 0, 0, 0, 0, 
 0, 0, 0, 0, 0, 
 0, 0, 0, 0, 0, 
 0, 0, 0, 0, 0, 
 0, 0, 0, 0, 0, 
 0, 0, 0, 0, 0, 
 0, 0, 0, 0, 0, 
 -0.1, -0.1, -0.1, 0.103, 0, 
 0, 0, 0, 0, 0, 
 0, 0, 0, 0, 0, 
 0, 0, 0, 0, 0, 
 0, 0, 0, 0, 0, 
 0, 0, 0, 0, 0, 
 0, 0, 0, 0, 0, 
 0, 0, 0, 0, 0, 
 -0.1, -0.18, -0.18, -0.110438, -0.110438, ; 
 
 0, 0, 0, 0, 0, 
 0, 0, 0, 0, 0, 
 0, 0, 0, 0, 0, 
 0, 0, 0, 0, 0, 
 0, 0, 0, 0, 0, 
 0, 0, 0, 0, 0, 
 0, 0, 0, 0, 0, 
 0, 0, 0, 0, 0, 
 0, 0, 0, 0, 0, 
 0, 0, 0, 0, 0, 
 0, 0, 0, 0, 0, 
 0, 0, 0, 0, 0, 
 0, 0, 0, 0, 0, 
 0, 0, 0, 0, 0, 
 0, 0, 0, 0, 0, 
 2, 1, 1, 1, 1, 
 0, 0, 0, 0, 0, 
 0, 0, 0, 0, 0, 
 0, 0, 0, 0, 0, 
 0, 0, 0, 0, 0, 
 0, 0, 0, 0, 0, 
 0, 0, 0, 0, 0, 
 0, 0, 0, 0, 0, 
 1, 1, 1, 1, 0, 
 0, 0, 0, 0, 0, 
 0, 0, 0, 0, 0, 
 0, 0, 0, 0, 0, 
 0, 0, 0, 0, 0, 
 0, 0, 0, 0, 0, 
 0, 0, 0, 0, 0, 
 0, 0, 0, 0, 0, 
 1, 2, 2, 3, 3, ; 
 
 0, 0, 0, 0, 0, 
 0, 0, 0, 0, 0, 
 0, 0, 0, 0, 0, 
 0, 0, 0, 0, 0, 
 0, 0, 0, 0, 0, 
 0, 0, 0, 0, 0, 
 0, 0, 0, 0, 0, 
 0, 0, 0, 0, 0, 
 0, 0, 0, 0, 0, 
 0, 0, 0, 0, 0, 
 0, 0, 0, 0, 0, 
 0, 0, 0, 0, 0, 
 0, 0, 0, 0, 0, 
 0, 0, 0, 0, 0, 
 0, 0, 0, 0, 0, 
 0, 0, 0, 0, 1, 
 0, 0, 0, 0, 0, 
 0, 0, 0, 0, 0, 
 0, 0, 0, 0, 0, 
 0, 0, 0, 0, 0, 
 0, 0, 0, 0, 0, 
 0, 0, 0, 0, 0, 
 0, 0, 0, 0, 0, 
 0, 0, 0, 1, 0, 
 0, 0, 0, 0, 0, 
 0, 0, 0, 0, 0, 
 0, 0, 0, 0, 0, 
 0, 0, 0, 0, 0, 
 0, 0, 0, 0, 0, 
 0, 0, 0, 0, 0, 
 0, 0, 0, 0, 0, 
 0, 0, 0, 1, 1, ; 
 