104; 1/25/2023 11:55:46 AM; 174.6881; 00001; 
 0, 0, 0, 0, 0, 
 0, 0, 0.1, 0, 0, 
 0, 0, 0, 0, 0, 
 0, 0, 0, 0, 0, 
 0, 0, 0, 0, 0, 
 0, 0, 0, 0, 0, 
 0, 0, 0, 0, 0, 
 0, 0, 0, 0, 0, 
 0, 0, 0, 0, 0, 
 0, 0, 0, 0, 0, 
 0, 0, 0, 0, 0, 
 0, 0, 0, 0, 0, 
 0, 0, 0, 0, 0, 
 0, 0, 0, 0, 0, 
 0, 0, 0, 0, 0, 
 0, 0, 0, 0, 0, 
 0, 0, 0, 0, 0, 
 0, 0, 0, 0, 0, 
 0, 0, 0, 0, 0, 
 0, 0, 0, 0, 0, 
 0, 0, 0, 0, 0, 
 0, 0, 0, 0, 0, 
 0, 0, 0, 0, 0, 
 0, 0, 0, 0, 0, 
 0, 0, 0, 0, 0, 
 0, 0, 0, 0, 0, 
 0, 0, 0, 0, 0, 
 0, 0, 0, 0, 0, 
 0, 0, 0, 0, 0, 
 0, 0, 0, 0, 0, 
 0, 0, 0, 0, 0, 
 0, 0, 0, 0, 0, ; 
 
 0, 0, 0, 0, 0, 
 0, 0, 1, 0, 0, 
 0, 0, 0, 0, 0, 
 0, 0, 0, 0, 0, 
 0, 0, 0, 0, 0, 
 0, 0, 0, 0, 0, 
 0, 0, 0, 0, 0, 
 0, 0, 0, 0, 0, 
 0, 0, 0, 0, 0, 
 0, 0, 0, 0, 0, 
 0, 0, 0, 0, 0, 
 0, 0, 0, 0, 0, 
 0, 0, 0, 0, 0, 
 0, 0, 0, 0, 0, 
 0, 0, 0, 0, 0, 
 0, 0, 0, 0, 0, 
 0, 0, 0, 0, 0, 
 0, 0, 0, 0, 0, 
 0, 0, 0, 0, 0, 
 0, 0, 0, 0, 0, 
 0, 0, 0, 0, 0, 
 0, 0, 0, 0, 0, 
 0, 0, 0, 0, 0, 
 0, 0, 0, 0, 0, 
 0, 0, 0, 0, 0, 
 0, 0, 0, 0, 0, 
 0, 0, 0, 0, 0, 
 0, 0, 0, 0, 0, 
 0, 0, 0, 0, 0, 
 0, 0, 0, 0, 0, 
 0, 0, 0, 0, 0, 
 0, 0, 0, 0, 0, ; 
 
 0, 0, 0, 0, 0, 
 0, 0, 1, 0, 0, 
 0, 0, 0, 0, 0, 
 0, 0, 0, 0, 0, 
 0, 0, 0, 0, 0, 
 0, 0, 0, 0, 0, 
 0, 0, 0, 0, 0, 
 0, 0, 0, 0, 0, 
 0, 0, 0, 0, 0, 
 0, 0, 0, 0, 0, 
 0, 0, 0, 0, 0, 
 0, 0, 0, 0, 0, 
 0, 0, 0, 0, 0, 
 0, 0, 0, 0, 0, 
 0, 0, 0, 0, 0, 
 0, 0, 0, 0, 0, 
 0, 0, 0, 0, 0, 
 0, 0, 0, 0, 0, 
 0, 0, 0, 0, 0, 
 0, 0, 0, 0, 0, 
 0, 0, 0, 0, 0, 
 0, 0, 0, 0, 0, 
 0, 0, 0, 0, 0, 
 0, 0, 0, 0, 0, 
 0, 0, 0, 0, 0, 
 0, 0, 0, 0, 0, 
 0, 0, 0, 0, 0, 
 0, 0, 0, 0, 0, 
 0, 0, 0, 0, 0, 
 0, 0, 0, 0, 0, 
 0, 0, 0, 0, 0, 
 0, 0, 0, 0, 0, ; 
 104; 1/25/2023 11:56:49 AM; 237.61045; 00101; 
 0, 0, 0, 0, 0, 
 0, 0, 0.1, 0, 0, 
 0, 0, 0, 0, 0, 
 0, 0, 0, 0, 0, 
 0, 0, 0, 0, 0, 
 0, 0, 0, -0.1, 0, 
 0, 0, 0, 0, 0, 
 0, 0, 0, 0, 0, 
 0, 0, 0, 0, 0, 
 0, 0, 0, 0, 0, 
 0, 0, 0, 0, 0, 
 0, 0, 0, 0, 0, 
 0, 0, 0, 0, 0, 
 0, 0, 0, 0, 0, 
 0, 0, 0, 0, 0, 
 0, 0, 0, 0, 0, 
 0, 0, 0, 0, 0, 
 0, 0, 0, 0, 0, 
 0, 0, 0, 0, 0, 
 0, 0, 0, 0, 0, 
 0, 0, 0, 0, 0, 
 0, 0, 0, 0, 0, 
 0, 0, 0, 0, 0, 
 0, 0, 0, 0, 0, 
 0, 0, 0, 0, 0, 
 0, 0, 0, 0, 0, 
 0, 0, 0, 0, 0, 
 0, 0, 0, 0, 0, 
 0, 0, 0, 0, 0, 
 0, 0, 0, 0, 0, 
 0, 0, 0, 0, 0, 
 0, 0, 0, 0, 0, ; 
 
 0, 0, 0, 0, 0, 
 0, 0, 1, 0, 0, 
 0, 0, 0, 0, 0, 
 0, 0, 0, 0, 0, 
 0, 0, 0, 0, 0, 
 0, 0, 0, 1, 0, 
 0, 0, 0, 0, 0, 
 0, 0, 0, 0, 0, 
 0, 0, 0, 0, 0, 
 0, 0, 0, 0, 0, 
 0, 0, 0, 0, 0, 
 0, 0, 0, 0, 0, 
 0, 0, 0, 0, 0, 
 0, 0, 0, 0, 0, 
 0, 0, 0, 0, 0, 
 0, 0, 0, 0, 0, 
 0, 0, 0, 0, 0, 
 0, 0, 0, 0, 0, 
 0, 0, 0, 0, 0, 
 0, 0, 0, 0, 0, 
 0, 0, 0, 0, 0, 
 0, 0, 0, 0, 0, 
 0, 0, 0, 0, 0, 
 0, 0, 0, 0, 0, 
 0, 0, 0, 0, 0, 
 0, 0, 0, 0, 0, 
 0, 0, 0, 0, 0, 
 0, 0, 0, 0, 0, 
 0, 0, 0, 0, 0, 
 0, 0, 0, 0, 0, 
 0, 0, 0, 0, 0, 
 0, 0, 0, 0, 0, ; 
 
 0, 0, 0, 0, 0, 
 0, 0, 1, 0, 0, 
 0, 0, 0, 0, 0, 
 0, 0, 0, 0, 0, 
 0, 0, 0, 0, 0, 
 0, 0, 0, 0, 0, 
 0, 0, 0, 0, 0, 
 0, 0, 0, 0, 0, 
 0, 0, 0, 0, 0, 
 0, 0, 0, 0, 0, 
 0, 0, 0, 0, 0, 
 0, 0, 0, 0, 0, 
 0, 0, 0, 0, 0, 
 0, 0, 0, 0, 0, 
 0, 0, 0, 0, 0, 
 0, 0, 0, 0, 0, 
 0, 0, 0, 0, 0, 
 0, 0, 0, 0, 0, 
 0, 0, 0, 0, 0, 
 0, 0, 0, 0, 0, 
 0, 0, 0, 0, 0, 
 0, 0, 0, 0, 0, 
 0, 0, 0, 0, 0, 
 0, 0, 0, 0, 0, 
 0, 0, 0, 0, 0, 
 0, 0, 0, 0, 0, 
 0, 0, 0, 0, 0, 
 0, 0, 0, 0, 0, 
 0, 0, 0, 0, 0, 
 0, 0, 0, 0, 0, 
 0, 0, 0, 0, 0, 
 0, 0, 0, 0, 0, ; 
 104; 1/25/2023 11:57:52 AM; 300.7398; 00101; 
 0, 0, 0, 0, 0, 
 0, 0, 0.1, 0, 0, 
 0, 0, 0, 0, 0, 
 0, 0, 0, 0, 0, 
 0, 0, 0, 0, 0, 
 0.1, 0, 0, -0.1, 0, 
 0, 0, 0, 0, 0, 
 0, 0, 0, 0, 0, 
 0, 0, 0, 0, 0, 
 0, 0, 0, 0, 0, 
 0, 0, 0, 0, 0, 
 0, 0, 0, 0, 0, 
 0, 0, 0, 0, 0, 
 0, 0, 0, 0, 0, 
 0, 0, 0, 0, 0, 
 0, 0, 0, 0, 0, 
 0, 0, 0, 0, 0, 
 0, 0, 0, 0, 0, 
 0, 0, 0, 0, 0, 
 0, 0, 0, 0, 0, 
 0, 0, 0, 0, 0, 
 0, 0, 0, 0, 0, 
 0, 0, 0, 0, 0, 
 0, 0, 0, 0, 0, 
 0, 0, 0, 0, 0, 
 0, 0, 0, 0, 0, 
 0, 0, 0, 0, 0, 
 0, 0, 0, 0, 0, 
 0, 0, 0, 0, 0, 
 0, 0, 0, 0, 0, 
 0, 0, 0, 0, 0, 
 0, 0, 0, 0, 0, ; 
 
 0, 0, 0, 0, 0, 
 0, 0, 1, 0, 0, 
 0, 0, 0, 0, 0, 
 0, 0, 0, 0, 0, 
 0, 0, 0, 0, 0, 
 1, 0, 0, 1, 0, 
 0, 0, 0, 0, 0, 
 0, 0, 0, 0, 0, 
 0, 0, 0, 0, 0, 
 0, 0, 0, 0, 0, 
 0, 0, 0, 0, 0, 
 0, 0, 0, 0, 0, 
 0, 0, 0, 0, 0, 
 0, 0, 0, 0, 0, 
 0, 0, 0, 0, 0, 
 0, 0, 0, 0, 0, 
 0, 0, 0, 0, 0, 
 0, 0, 0, 0, 0, 
 0, 0, 0, 0, 0, 
 0, 0, 0, 0, 0, 
 0, 0, 0, 0, 0, 
 0, 0, 0, 0, 0, 
 0, 0, 0, 0, 0, 
 0, 0, 0, 0, 0, 
 0, 0, 0, 0, 0, 
 0, 0, 0, 0, 0, 
 0, 0, 0, 0, 0, 
 0, 0, 0, 0, 0, 
 0, 0, 0, 0, 0, 
 0, 0, 0, 0, 0, 
 0, 0, 0, 0, 0, 
 0, 0, 0, 0, 0, ; 
 
 0, 0, 0, 0, 0, 
 0, 0, 1, 0, 0, 
 0, 0, 0, 0, 0, 
 0, 0, 0, 0, 0, 
 0, 0, 0, 0, 0, 
 1, 0, 0, 0, 0, 
 0, 0, 0, 0, 0, 
 0, 0, 0, 0, 0, 
 0, 0, 0, 0, 0, 
 0, 0, 0, 0, 0, 
 0, 0, 0, 0, 0, 
 0, 0, 0, 0, 0, 
 0, 0, 0, 0, 0, 
 0, 0, 0, 0, 0, 
 0, 0, 0, 0, 0, 
 0, 0, 0, 0, 0, 
 0, 0, 0, 0, 0, 
 0, 0, 0, 0, 0, 
 0, 0, 0, 0, 0, 
 0, 0, 0, 0, 0, 
 0, 0, 0, 0, 0, 
 0, 0, 0, 0, 0, 
 0, 0, 0, 0, 0, 
 0, 0, 0, 0, 0, 
 0, 0, 0, 0, 0, 
 0, 0, 0, 0, 0, 
 0, 0, 0, 0, 0, 
 0, 0, 0, 0, 0, 
 0, 0, 0, 0, 0, 
 0, 0, 0, 0, 0, 
 0, 0, 0, 0, 0, 
 0, 0, 0, 0, 0, ; 
 104; 1/25/2023 11:59:03 AM; 371.7857; 00100; 
 0, 0, 0, 0, 0, 
 0, 0, 0.1, 0, 0, 
 0, 0, 0, 0, 0, 
 0, 0, 0, 0, 0, 
 0, 0, 0, 0.1, 0, 
 0.1, 0, 0, -0.1, 0, 
 0, 0, 0, 0, 0, 
 0, 0, 0, 0, 0, 
 0, 0, 0, 0, 0, 
 0, 0, 0, 0, 0, 
 0, 0, 0, 0, 0, 
 0, 0, 0, 0, 0, 
 0, 0, 0, 0, 0, 
 0, 0, 0, 0, 0, 
 0, 0, 0, 0, 0, 
 0, 0, 0, 0, 0, 
 0, 0, 0, 0, 0, 
 0, 0, 0, 0, 0, 
 0, 0, 0, 0, 0, 
 0, 0, 0, 0, 0, 
 0, 0, 0, 0, 0, 
 0, 0, 0, 0, 0, 
 0, 0, 0, 0, 0, 
 0, 0, 0, 0, 0, 
 0, 0, 0, 0, 0, 
 0, 0, 0, 0, 0, 
 0, 0, 0, 0, 0, 
 0, 0, 0, 0, 0, 
 0, 0, 0, 0, 0, 
 0, 0, 0, 0, 0, 
 0, 0, 0, 0, 0, 
 0, 0, 0, 0, 0, ; 
 
 0, 0, 0, 0, 0, 
 0, 0, 1, 0, 0, 
 0, 0, 0, 0, 0, 
 0, 0, 0, 0, 0, 
 0, 0, 0, 1, 0, 
 1, 0, 0, 1, 0, 
 0, 0, 0, 0, 0, 
 0, 0, 0, 0, 0, 
 0, 0, 0, 0, 0, 
 0, 0, 0, 0, 0, 
 0, 0, 0, 0, 0, 
 0, 0, 0, 0, 0, 
 0, 0, 0, 0, 0, 
 0, 0, 0, 0, 0, 
 0, 0, 0, 0, 0, 
 0, 0, 0, 0, 0, 
 0, 0, 0, 0, 0, 
 0, 0, 0, 0, 0, 
 0, 0, 0, 0, 0, 
 0, 0, 0, 0, 0, 
 0, 0, 0, 0, 0, 
 0, 0, 0, 0, 0, 
 0, 0, 0, 0, 0, 
 0, 0, 0, 0, 0, 
 0, 0, 0, 0, 0, 
 0, 0, 0, 0, 0, 
 0, 0, 0, 0, 0, 
 0, 0, 0, 0, 0, 
 0, 0, 0, 0, 0, 
 0, 0, 0, 0, 0, 
 0, 0, 0, 0, 0, 
 0, 0, 0, 0, 0, ; 
 
 0, 0, 0, 0, 0, 
 0, 0, 1, 0, 0, 
 0, 0, 0, 0, 0, 
 0, 0, 0, 0, 0, 
 0, 0, 0, 1, 0, 
 1, 0, 0, 0, 0, 
 0, 0, 0, 0, 0, 
 0, 0, 0, 0, 0, 
 0, 0, 0, 0, 0, 
 0, 0, 0, 0, 0, 
 0, 0, 0, 0, 0, 
 0, 0, 0, 0, 0, 
 0, 0, 0, 0, 0, 
 0, 0, 0, 0, 0, 
 0, 0, 0, 0, 0, 
 0, 0, 0, 0, 0, 
 0, 0, 0, 0, 0, 
 0, 0, 0, 0, 0, 
 0, 0, 0, 0, 0, 
 0, 0, 0, 0, 0, 
 0, 0, 0, 0, 0, 
 0, 0, 0, 0, 0, 
 0, 0, 0, 0, 0, 
 0, 0, 0, 0, 0, 
 0, 0, 0, 0, 0, 
 0, 0, 0, 0, 0, 
 0, 0, 0, 0, 0, 
 0, 0, 0, 0, 0, 
 0, 0, 0, 0, 0, 
 0, 0, 0, 0, 0, 
 0, 0, 0, 0, 0, 
 0, 0, 0, 0, 0, ; 
 104; 1/25/2023 12:00:01 PM; 428.9228; 01100; 
 0, 0, 0, 0, 0, 
 0, 0, 0.1, 0, 0, 
 0, 0, 0, 0, 0, 
 0, 0, 0, 0, 0, 
 0, 0, 0, 0.1, 0, 
 0.1, 0, 0, -0.1, 0, 
 0, 0, 0, 0, 0, 
 0, 0, 0, 0, 0, 
 0, 0, 0, 0, 0, 
 0, 0, 0, 0, 0, 
 0, 0, 0, 0, 0, 
 0, 0, 0, 0, 0, 
 -0.1, 0, 0, 0, 0, 
 0, 0, 0, 0, 0, 
 0, 0, 0, 0, 0, 
 0, 0, 0, 0, 0, 
 0, 0, 0, 0, 0, 
 0, 0, 0, 0, 0, 
 0, 0, 0, 0, 0, 
 0, 0, 0, 0, 0, 
 0, 0, 0, 0, 0, 
 0, 0, 0, 0, 0, 
 0, 0, 0, 0, 0, 
 0, 0, 0, 0, 0, 
 0, 0, 0, 0, 0, 
 0, 0, 0, 0, 0, 
 0, 0, 0, 0, 0, 
 0, 0, 0, 0, 0, 
 0, 0, 0, 0, 0, 
 0, 0, 0, 0, 0, 
 0, 0, 0, 0, 0, 
 0, 0, 0, 0, 0, ; 
 
 0, 0, 0, 0, 0, 
 0, 0, 1, 0, 0, 
 0, 0, 0, 0, 0, 
 0, 0, 0, 0, 0, 
 0, 0, 0, 1, 0, 
 1, 0, 0, 1, 0, 
 0, 0, 0, 0, 0, 
 0, 0, 0, 0, 0, 
 0, 0, 0, 0, 0, 
 0, 0, 0, 0, 0, 
 0, 0, 0, 0, 0, 
 0, 0, 0, 0, 0, 
 1, 0, 0, 0, 0, 
 0, 0, 0, 0, 0, 
 0, 0, 0, 0, 0, 
 0, 0, 0, 0, 0, 
 0, 0, 0, 0, 0, 
 0, 0, 0, 0, 0, 
 0, 0, 0, 0, 0, 
 0, 0, 0, 0, 0, 
 0, 0, 0, 0, 0, 
 0, 0, 0, 0, 0, 
 0, 0, 0, 0, 0, 
 0, 0, 0, 0, 0, 
 0, 0, 0, 0, 0, 
 0, 0, 0, 0, 0, 
 0, 0, 0, 0, 0, 
 0, 0, 0, 0, 0, 
 0, 0, 0, 0, 0, 
 0, 0, 0, 0, 0, 
 0, 0, 0, 0, 0, 
 0, 0, 0, 0, 0, ; 
 
 0, 0, 0, 0, 0, 
 0, 0, 1, 0, 0, 
 0, 0, 0, 0, 0, 
 0, 0, 0, 0, 0, 
 0, 0, 0, 1, 0, 
 1, 0, 0, 0, 0, 
 0, 0, 0, 0, 0, 
 0, 0, 0, 0, 0, 
 0, 0, 0, 0, 0, 
 0, 0, 0, 0, 0, 
 0, 0, 0, 0, 0, 
 0, 0, 0, 0, 0, 
 0, 0, 0, 0, 0, 
 0, 0, 0, 0, 0, 
 0, 0, 0, 0, 0, 
 0, 0, 0, 0, 0, 
 0, 0, 0, 0, 0, 
 0, 0, 0, 0, 0, 
 0, 0, 0, 0, 0, 
 0, 0, 0, 0, 0, 
 0, 0, 0, 0, 0, 
 0, 0, 0, 0, 0, 
 0, 0, 0, 0, 0, 
 0, 0, 0, 0, 0, 
 0, 0, 0, 0, 0, 
 0, 0, 0, 0, 0, 
 0, 0, 0, 0, 0, 
 0, 0, 0, 0, 0, 
 0, 0, 0, 0, 0, 
 0, 0, 0, 0, 0, 
 0, 0, 0, 0, 0, 
 0, 0, 0, 0, 0, ; 
 104; 1/25/2023 12:00:56 PM; 484.053; 01100; 
 0, 0, 0, 0, 0, 
 0, 0, 0.1, 0, 0, 
 0, 0, 0, 0, 0, 
 0, 0, 0, 0, 0, 
 0, 0, 0, 0.1, 0, 
 0.1, 0, 0, -0.1, 0, 
 0, 0, 0, 0, 0, 
 0, 0, 0, 0, 0, 
 0, 0, 0, 0, 0, 
 0, 0, 0, 0, 0, 
 0, 0, 0, 0, 0, 
 0, 0, 0, 0, 0, 
 -0.1, 0.1, 0, 0, 0, 
 0, 0, 0, 0, 0, 
 0, 0, 0, 0, 0, 
 0, 0, 0, 0, 0, 
 0, 0, 0, 0, 0, 
 0, 0, 0, 0, 0, 
 0, 0, 0, 0, 0, 
 0, 0, 0, 0, 0, 
 0, 0, 0, 0, 0, 
 0, 0, 0, 0, 0, 
 0, 0, 0, 0, 0, 
 0, 0, 0, 0, 0, 
 0, 0, 0, 0, 0, 
 0, 0, 0, 0, 0, 
 0, 0, 0, 0, 0, 
 0, 0, 0, 0, 0, 
 0, 0, 0, 0, 0, 
 0, 0, 0, 0, 0, 
 0, 0, 0, 0, 0, 
 0, 0, 0, 0, 0, ; 
 
 0, 0, 0, 0, 0, 
 0, 0, 1, 0, 0, 
 0, 0, 0, 0, 0, 
 0, 0, 0, 0, 0, 
 0, 0, 0, 1, 0, 
 1, 0, 0, 1, 0, 
 0, 0, 0, 0, 0, 
 0, 0, 0, 0, 0, 
 0, 0, 0, 0, 0, 
 0, 0, 0, 0, 0, 
 0, 0, 0, 0, 0, 
 0, 0, 0, 0, 0, 
 1, 1, 0, 0, 0, 
 0, 0, 0, 0, 0, 
 0, 0, 0, 0, 0, 
 0, 0, 0, 0, 0, 
 0, 0, 0, 0, 0, 
 0, 0, 0, 0, 0, 
 0, 0, 0, 0, 0, 
 0, 0, 0, 0, 0, 
 0, 0, 0, 0, 0, 
 0, 0, 0, 0, 0, 
 0, 0, 0, 0, 0, 
 0, 0, 0, 0, 0, 
 0, 0, 0, 0, 0, 
 0, 0, 0, 0, 0, 
 0, 0, 0, 0, 0, 
 0, 0, 0, 0, 0, 
 0, 0, 0, 0, 0, 
 0, 0, 0, 0, 0, 
 0, 0, 0, 0, 0, 
 0, 0, 0, 0, 0, ; 
 
 0, 0, 0, 0, 0, 
 0, 0, 1, 0, 0, 
 0, 0, 0, 0, 0, 
 0, 0, 0, 0, 0, 
 0, 0, 0, 1, 0, 
 1, 0, 0, 0, 0, 
 0, 0, 0, 0, 0, 
 0, 0, 0, 0, 0, 
 0, 0, 0, 0, 0, 
 0, 0, 0, 0, 0, 
 0, 0, 0, 0, 0, 
 0, 0, 0, 0, 0, 
 0, 1, 0, 0, 0, 
 0, 0, 0, 0, 0, 
 0, 0, 0, 0, 0, 
 0, 0, 0, 0, 0, 
 0, 0, 0, 0, 0, 
 0, 0, 0, 0, 0, 
 0, 0, 0, 0, 0, 
 0, 0, 0, 0, 0, 
 0, 0, 0, 0, 0, 
 0, 0, 0, 0, 0, 
 0, 0, 0, 0, 0, 
 0, 0, 0, 0, 0, 
 0, 0, 0, 0, 0, 
 0, 0, 0, 0, 0, 
 0, 0, 0, 0, 0, 
 0, 0, 0, 0, 0, 
 0, 0, 0, 0, 0, 
 0, 0, 0, 0, 0, 
 0, 0, 0, 0, 0, 
 0, 0, 0, 0, 0, ; 
 104; 1/25/2023 12:01:49 PM; 537.8365; 01110; 
 0, 0, 0, 0, 0, 
 0, 0, 0.1, 0, 0, 
 0, 0, 0, 0, 0, 
 0, 0, 0, 0, 0, 
 0, 0, 0, 0.1, 0, 
 0.1, 0, 0, -0.1, 0, 
 0, 0, 0, 0, 0, 
 0, 0, 0, 0, 0, 
 0, 0, 0, 0, 0, 
 0, 0, 0, 0, 0, 
 0, 0, 0, 0, 0, 
 0, 0, 0, 0, 0, 
 -0.1, 0.1, 0, 0, 0, 
 0, 0, 0, 0, 0, 
 -0.1, 0, 0, 0, 0, 
 0, 0, 0, 0, 0, 
 0, 0, 0, 0, 0, 
 0, 0, 0, 0, 0, 
 0, 0, 0, 0, 0, 
 0, 0, 0, 0, 0, 
 0, 0, 0, 0, 0, 
 0, 0, 0, 0, 0, 
 0, 0, 0, 0, 0, 
 0, 0, 0, 0, 0, 
 0, 0, 0, 0, 0, 
 0, 0, 0, 0, 0, 
 0, 0, 0, 0, 0, 
 0, 0, 0, 0, 0, 
 0, 0, 0, 0, 0, 
 0, 0, 0, 0, 0, 
 0, 0, 0, 0, 0, 
 0, 0, 0, 0, 0, ; 
 
 0, 0, 0, 0, 0, 
 0, 0, 1, 0, 0, 
 0, 0, 0, 0, 0, 
 0, 0, 0, 0, 0, 
 0, 0, 0, 1, 0, 
 1, 0, 0, 1, 0, 
 0, 0, 0, 0, 0, 
 0, 0, 0, 0, 0, 
 0, 0, 0, 0, 0, 
 0, 0, 0, 0, 0, 
 0, 0, 0, 0, 0, 
 0, 0, 0, 0, 0, 
 1, 1, 0, 0, 0, 
 0, 0, 0, 0, 0, 
 1, 0, 0, 0, 0, 
 0, 0, 0, 0, 0, 
 0, 0, 0, 0, 0, 
 0, 0, 0, 0, 0, 
 0, 0, 0, 0, 0, 
 0, 0, 0, 0, 0, 
 0, 0, 0, 0, 0, 
 0, 0, 0, 0, 0, 
 0, 0, 0, 0, 0, 
 0, 0, 0, 0, 0, 
 0, 0, 0, 0, 0, 
 0, 0, 0, 0, 0, 
 0, 0, 0, 0, 0, 
 0, 0, 0, 0, 0, 
 0, 0, 0, 0, 0, 
 0, 0, 0, 0, 0, 
 0, 0, 0, 0, 0, 
 0, 0, 0, 0, 0, ; 
 
 0, 0, 0, 0, 0, 
 0, 0, 1, 0, 0, 
 0, 0, 0, 0, 0, 
 0, 0, 0, 0, 0, 
 0, 0, 0, 1, 0, 
 1, 0, 0, 0, 0, 
 0, 0, 0, 0, 0, 
 0, 0, 0, 0, 0, 
 0, 0, 0, 0, 0, 
 0, 0, 0, 0, 0, 
 0, 0, 0, 0, 0, 
 0, 0, 0, 0, 0, 
 0, 1, 0, 0, 0, 
 0, 0, 0, 0, 0, 
 0, 0, 0, 0, 0, 
 0, 0, 0, 0, 0, 
 0, 0, 0, 0, 0, 
 0, 0, 0, 0, 0, 
 0, 0, 0, 0, 0, 
 0, 0, 0, 0, 0, 
 0, 0, 0, 0, 0, 
 0, 0, 0, 0, 0, 
 0, 0, 0, 0, 0, 
 0, 0, 0, 0, 0, 
 0, 0, 0, 0, 0, 
 0, 0, 0, 0, 0, 
 0, 0, 0, 0, 0, 
 0, 0, 0, 0, 0, 
 0, 0, 0, 0, 0, 
 0, 0, 0, 0, 0, 
 0, 0, 0, 0, 0, 
 0, 0, 0, 0, 0, ; 
 104; 1/25/2023 12:02:44 PM; 592.8715; 01110; 
 0, 0, 0, 0, 0, 
 0, 0, 0.1, 0, 0, 
 0, 0, 0, 0, 0, 
 0, 0, 0, 0, 0, 
 0, 0, 0, 0.1, 0, 
 0.1, 0, 0, -0.1, 0, 
 0, 0, 0, 0, 0, 
 0, 0, 0, 0, 0, 
 0, 0, 0, 0, 0, 
 0, 0, 0, 0, 0, 
 0, 0, 0, 0, 0, 
 0, 0, 0, 0, 0, 
 -0.1, 0.1, 0, 0, 0, 
 0, 0, 0, 0, 0, 
 -0.1, -0.097, 0, 0, 0, 
 0, 0, 0, 0, 0, 
 0, 0, 0, 0, 0, 
 0, 0, 0, 0, 0, 
 0, 0, 0, 0, 0, 
 0, 0, 0, 0, 0, 
 0, 0, 0, 0, 0, 
 0, 0, 0, 0, 0, 
 0, 0, 0, 0, 0, 
 0, 0, 0, 0, 0, 
 0, 0, 0, 0, 0, 
 0, 0, 0, 0, 0, 
 0, 0, 0, 0, 0, 
 0, 0, 0, 0, 0, 
 0, 0, 0, 0, 0, 
 0, 0, 0, 0, 0, 
 0, 0, 0, 0, 0, 
 0, 0, 0, 0, 0, ; 
 
 0, 0, 0, 0, 0, 
 0, 0, 1, 0, 0, 
 0, 0, 0, 0, 0, 
 0, 0, 0, 0, 0, 
 0, 0, 0, 1, 0, 
 1, 0, 0, 1, 0, 
 0, 0, 0, 0, 0, 
 0, 0, 0, 0, 0, 
 0, 0, 0, 0, 0, 
 0, 0, 0, 0, 0, 
 0, 0, 0, 0, 0, 
 0, 0, 0, 0, 0, 
 1, 1, 0, 0, 0, 
 0, 0, 0, 0, 0, 
 1, 1, 0, 0, 0, 
 0, 0, 0, 0, 0, 
 0, 0, 0, 0, 0, 
 0, 0, 0, 0, 0, 
 0, 0, 0, 0, 0, 
 0, 0, 0, 0, 0, 
 0, 0, 0, 0, 0, 
 0, 0, 0, 0, 0, 
 0, 0, 0, 0, 0, 
 0, 0, 0, 0, 0, 
 0, 0, 0, 0, 0, 
 0, 0, 0, 0, 0, 
 0, 0, 0, 0, 0, 
 0, 0, 0, 0, 0, 
 0, 0, 0, 0, 0, 
 0, 0, 0, 0, 0, 
 0, 0, 0, 0, 0, 
 0, 0, 0, 0, 0, ; 
 
 0, 0, 0, 0, 0, 
 0, 0, 1, 0, 0, 
 0, 0, 0, 0, 0, 
 0, 0, 0, 0, 0, 
 0, 0, 0, 1, 0, 
 1, 0, 0, 0, 0, 
 0, 0, 0, 0, 0, 
 0, 0, 0, 0, 0, 
 0, 0, 0, 0, 0, 
 0, 0, 0, 0, 0, 
 0, 0, 0, 0, 0, 
 0, 0, 0, 0, 0, 
 0, 1, 0, 0, 0, 
 0, 0, 0, 0, 0, 
 0, 0, 0, 0, 0, 
 0, 0, 0, 0, 0, 
 0, 0, 0, 0, 0, 
 0, 0, 0, 0, 0, 
 0, 0, 0, 0, 0, 
 0, 0, 0, 0, 0, 
 0, 0, 0, 0, 0, 
 0, 0, 0, 0, 0, 
 0, 0, 0, 0, 0, 
 0, 0, 0, 0, 0, 
 0, 0, 0, 0, 0, 
 0, 0, 0, 0, 0, 
 0, 0, 0, 0, 0, 
 0, 0, 0, 0, 0, 
 0, 0, 0, 0, 0, 
 0, 0, 0, 0, 0, 
 0, 0, 0, 0, 0, 
 0, 0, 0, 0, 0, ; 
 104; 1/25/2023 12:03:39 PM; 647.1669; 01110; 
 0, 0, 0, 0, 0, 
 0, 0, 0.1, 0, 0, 
 0, 0, 0, 0, 0, 
 0, 0, 0, 0, 0, 
 0, 0, 0, 0.1, 0, 
 0.1, 0, 0, -0.1, 0, 
 0, 0, 0, 0, 0, 
 0, 0, 0, 0, 0, 
 0, 0, 0, 0, 0, 
 0, 0, 0, 0, 0, 
 0, 0, 0, 0, 0, 
 0, 0, 0, 0, 0, 
 -0.1, 0.1, 0, 0, 0, 
 0, 0, 0, 0, 0, 
 -0.1, -0.097, -0.1, 0, 0, 
 0, 0, 0, 0, 0, 
 0, 0, 0, 0, 0, 
 0, 0, 0, 0, 0, 
 0, 0, 0, 0, 0, 
 0, 0, 0, 0, 0, 
 0, 0, 0, 0, 0, 
 0, 0, 0, 0, 0, 
 0, 0, 0, 0, 0, 
 0, 0, 0, 0, 0, 
 0, 0, 0, 0, 0, 
 0, 0, 0, 0, 0, 
 0, 0, 0, 0, 0, 
 0, 0, 0, 0, 0, 
 0, 0, 0, 0, 0, 
 0, 0, 0, 0, 0, 
 0, 0, 0, 0, 0, 
 0, 0, 0, 0, 0, ; 
 
 0, 0, 0, 0, 0, 
 0, 0, 1, 0, 0, 
 0, 0, 0, 0, 0, 
 0, 0, 0, 0, 0, 
 0, 0, 0, 1, 0, 
 1, 0, 0, 1, 0, 
 0, 0, 0, 0, 0, 
 0, 0, 0, 0, 0, 
 0, 0, 0, 0, 0, 
 0, 0, 0, 0, 0, 
 0, 0, 0, 0, 0, 
 0, 0, 0, 0, 0, 
 1, 1, 0, 0, 0, 
 0, 0, 0, 0, 0, 
 1, 1, 1, 0, 0, 
 0, 0, 0, 0, 0, 
 0, 0, 0, 0, 0, 
 0, 0, 0, 0, 0, 
 0, 0, 0, 0, 0, 
 0, 0, 0, 0, 0, 
 0, 0, 0, 0, 0, 
 0, 0, 0, 0, 0, 
 0, 0, 0, 0, 0, 
 0, 0, 0, 0, 0, 
 0, 0, 0, 0, 0, 
 0, 0, 0, 0, 0, 
 0, 0, 0, 0, 0, 
 0, 0, 0, 0, 0, 
 0, 0, 0, 0, 0, 
 0, 0, 0, 0, 0, 
 0, 0, 0, 0, 0, 
 0, 0, 0, 0, 0, ; 
 
 0, 0, 0, 0, 0, 
 0, 0, 1, 0, 0, 
 0, 0, 0, 0, 0, 
 0, 0, 0, 0, 0, 
 0, 0, 0, 1, 0, 
 1, 0, 0, 0, 0, 
 0, 0, 0, 0, 0, 
 0, 0, 0, 0, 0, 
 0, 0, 0, 0, 0, 
 0, 0, 0, 0, 0, 
 0, 0, 0, 0, 0, 
 0, 0, 0, 0, 0, 
 0, 1, 0, 0, 0, 
 0, 0, 0, 0, 0, 
 0, 0, 0, 0, 0, 
 0, 0, 0, 0, 0, 
 0, 0, 0, 0, 0, 
 0, 0, 0, 0, 0, 
 0, 0, 0, 0, 0, 
 0, 0, 0, 0, 0, 
 0, 0, 0, 0, 0, 
 0, 0, 0, 0, 0, 
 0, 0, 0, 0, 0, 
 0, 0, 0, 0, 0, 
 0, 0, 0, 0, 0, 
 0, 0, 0, 0, 0, 
 0, 0, 0, 0, 0, 
 0, 0, 0, 0, 0, 
 0, 0, 0, 0, 0, 
 0, 0, 0, 0, 0, 
 0, 0, 0, 0, 0, 
 0, 0, 0, 0, 0, ; 
 104; 1/25/2023 12:04:31 PM; 6104.4741; 01110; 
 0, 0, 0, 0, 0, 
 0, 0, 0.1, 0, 0, 
 0, 0, 0, 0, 0, 
 0, 0, 0, 0, 0, 
 0, 0, 0, 0.1, 0, 
 0.1, 0, 0, -0.1, 0, 
 0, 0, 0, 0, 0, 
 0, 0, 0, 0, 0, 
 0, 0, 0, 0, 0, 
 0, 0, 0, 0, 0, 
 0, 0, 0, 0, 0, 
 0, 0, 0, 0, 0, 
 -0.1, 0.1, 0, 0, 0, 
 0, 0, 0, 0, 0, 
 -0.18, -0.097, -0.1, 0, 0, 
 0, 0, 0, 0, 0, 
 0, 0, 0, 0, 0, 
 0, 0, 0, 0, 0, 
 0, 0, 0, 0, 0, 
 0, 0, 0, 0, 0, 
 0, 0, 0, 0, 0, 
 0, 0, 0, 0, 0, 
 0, 0, 0, 0, 0, 
 0, 0, 0, 0, 0, 
 0, 0, 0, 0, 0, 
 0, 0, 0, 0, 0, 
 0, 0, 0, 0, 0, 
 0, 0, 0, 0, 0, 
 0, 0, 0, 0, 0, 
 0, 0, 0, 0, 0, 
 0, 0, 0, 0, 0, 
 0, 0, 0, 0, 0, ; 
 
 0, 0, 0, 0, 0, 
 0, 0, 1, 0, 0, 
 0, 0, 0, 0, 0, 
 0, 0, 0, 0, 0, 
 0, 0, 0, 1, 0, 
 1, 0, 0, 1, 0, 
 0, 0, 0, 0, 0, 
 0, 0, 0, 0, 0, 
 0, 0, 0, 0, 0, 
 0, 0, 0, 0, 0, 
 0, 0, 0, 0, 0, 
 0, 0, 0, 0, 0, 
 1, 1, 0, 0, 0, 
 0, 0, 0, 0, 0, 
 2, 1, 1, 0, 0, 
 0, 0, 0, 0, 0, 
 0, 0, 0, 0, 0, 
 0, 0, 0, 0, 0, 
 0, 0, 0, 0, 0, 
 0, 0, 0, 0, 0, 
 0, 0, 0, 0, 0, 
 0, 0, 0, 0, 0, 
 0, 0, 0, 0, 0, 
 0, 0, 0, 0, 0, 
 0, 0, 0, 0, 0, 
 0, 0, 0, 0, 0, 
 0, 0, 0, 0, 0, 
 0, 0, 0, 0, 0, 
 0, 0, 0, 0, 0, 
 0, 0, 0, 0, 0, 
 0, 0, 0, 0, 0, 
 0, 0, 0, 0, 0, ; 
 
 0, 0, 0, 0, 0, 
 0, 0, 1, 0, 0, 
 0, 0, 0, 0, 0, 
 0, 0, 0, 0, 0, 
 0, 0, 0, 1, 0, 
 1, 0, 0, 0, 0, 
 0, 0, 0, 0, 0, 
 0, 0, 0, 0, 0, 
 0, 0, 0, 0, 0, 
 0, 0, 0, 0, 0, 
 0, 0, 0, 0, 0, 
 0, 0, 0, 0, 0, 
 0, 1, 0, 0, 0, 
 0, 0, 0, 0, 0, 
 0, 0, 0, 0, 0, 
 0, 0, 0, 0, 0, 
 0, 0, 0, 0, 0, 
 0, 0, 0, 0, 0, 
 0, 0, 0, 0, 0, 
 0, 0, 0, 0, 0, 
 0, 0, 0, 0, 0, 
 0, 0, 0, 0, 0, 
 0, 0, 0, 0, 0, 
 0, 0, 0, 0, 0, 
 0, 0, 0, 0, 0, 
 0, 0, 0, 0, 0, 
 0, 0, 0, 0, 0, 
 0, 0, 0, 0, 0, 
 0, 0, 0, 0, 0, 
 0, 0, 0, 0, 0, 
 0, 0, 0, 0, 0, 
 0, 0, 0, 0, 0, ; 
 104; 1/25/2023 12:05:33 PM; 761.551; 01110; 
 0, 0, 0, 0, 0, 
 0, 0, 0.1, 0, 0, 
 0, 0, 0, 0, 0, 
 0, 0, 0, 0, 0, 
 0, 0, 0, 0.1, 0, 
 0.1, 0, 0, -0.1, 0, 
 0, 0, 0, 0, 0, 
 0, 0, 0, 0, 0, 
 0, 0, 0, 0, 0, 
 0, 0, 0, 0, 0, 
 0, 0, 0, 0, 0, 
 0, 0, 0, 0, 0, 
 -0.1, 0.1, 0, 0, 0, 
 0, 0, 0, 0, 0, 
 -0.18, -0.097, -0.1, 0.1, 0, 
 0, 0, 0, 0, 0, 
 0, 0, 0, 0, 0, 
 0, 0, 0, 0, 0, 
 0, 0, 0, 0, 0, 
 0, 0, 0, 0, 0, 
 0, 0, 0, 0, 0, 
 0, 0, 0, 0, 0, 
 0, 0, 0, 0, 0, 
 0, 0, 0, 0, 0, 
 0, 0, 0, 0, 0, 
 0, 0, 0, 0, 0, 
 0, 0, 0, 0, 0, 
 0, 0, 0, 0, 0, 
 0, 0, 0, 0, 0, 
 0, 0, 0, 0, 0, 
 0, 0, 0, 0, 0, 
 0, 0, 0, 0, 0, ; 
 
 0, 0, 0, 0, 0, 
 0, 0, 1, 0, 0, 
 0, 0, 0, 0, 0, 
 0, 0, 0, 0, 0, 
 0, 0, 0, 1, 0, 
 1, 0, 0, 1, 0, 
 0, 0, 0, 0, 0, 
 0, 0, 0, 0, 0, 
 0, 0, 0, 0, 0, 
 0, 0, 0, 0, 0, 
 0, 0, 0, 0, 0, 
 0, 0, 0, 0, 0, 
 1, 1, 0, 0, 0, 
 0, 0, 0, 0, 0, 
 2, 1, 1, 1, 0, 
 0, 0, 0, 0, 0, 
 0, 0, 0, 0, 0, 
 0, 0, 0, 0, 0, 
 0, 0, 0, 0, 0, 
 0, 0, 0, 0, 0, 
 0, 0, 0, 0, 0, 
 0, 0, 0, 0, 0, 
 0, 0, 0, 0, 0, 
 0, 0, 0, 0, 0, 
 0, 0, 0, 0, 0, 
 0, 0, 0, 0, 0, 
 0, 0, 0, 0, 0, 
 0, 0, 0, 0, 0, 
 0, 0, 0, 0, 0, 
 0, 0, 0, 0, 0, 
 0, 0, 0, 0, 0, 
 0, 0, 0, 0, 0, ; 
 
 0, 0, 0, 0, 0, 
 0, 0, 1, 0, 0, 
 0, 0, 0, 0, 0, 
 0, 0, 0, 0, 0, 
 0, 0, 0, 1, 0, 
 1, 0, 0, 0, 0, 
 0, 0, 0, 0, 0, 
 0, 0, 0, 0, 0, 
 0, 0, 0, 0, 0, 
 0, 0, 0, 0, 0, 
 0, 0, 0, 0, 0, 
 0, 0, 0, 0, 0, 
 0, 1, 0, 0, 0, 
 0, 0, 0, 0, 0, 
 0, 0, 0, 1, 0, 
 0, 0, 0, 0, 0, 
 0, 0, 0, 0, 0, 
 0, 0, 0, 0, 0, 
 0, 0, 0, 0, 0, 
 0, 0, 0, 0, 0, 
 0, 0, 0, 0, 0, 
 0, 0, 0, 0, 0, 
 0, 0, 0, 0, 0, 
 0, 0, 0, 0, 0, 
 0, 0, 0, 0, 0, 
 0, 0, 0, 0, 0, 
 0, 0, 0, 0, 0, 
 0, 0, 0, 0, 0, 
 0, 0, 0, 0, 0, 
 0, 0, 0, 0, 0, 
 0, 0, 0, 0, 0, 
 0, 0, 0, 0, 0, ; 
 104; 1/25/2023 12:06:28 PM; 816.4171; 00110; 
 0, 0, 0, 0, 0, 
 0, 0, 0.1, 0, 0, 
 0, 0, 0, 0, 0, 
 0, 0, 0, 0, 0, 
 0, 0, 0, 0.1, 0, 
 0.1, 0, 0, -0.1, 0, 
 -0.1, 0, 0, 0, 0, 
 0, 0, 0, 0, 0, 
 0, 0, 0, 0, 0, 
 0, 0, 0, 0, 0, 
 0, 0, 0, 0, 0, 
 0, 0, 0, 0, 0, 
 -0.1, 0.1, 0, 0, 0, 
 0, 0, 0, 0, 0, 
 -0.18, -0.097, -0.1, 0.1, 0, 
 0, 0, 0, 0, 0, 
 0, 0, 0, 0, 0, 
 0, 0, 0, 0, 0, 
 0, 0, 0, 0, 0, 
 0, 0, 0, 0, 0, 
 0, 0, 0, 0, 0, 
 0, 0, 0, 0, 0, 
 0, 0, 0, 0, 0, 
 0, 0, 0, 0, 0, 
 0, 0, 0, 0, 0, 
 0, 0, 0, 0, 0, 
 0, 0, 0, 0, 0, 
 0, 0, 0, 0, 0, 
 0, 0, 0, 0, 0, 
 0, 0, 0, 0, 0, 
 0, 0, 0, 0, 0, 
 0, 0, 0, 0, 0, ; 
 
 0, 0, 0, 0, 0, 
 0, 0, 1, 0, 0, 
 0, 0, 0, 0, 0, 
 0, 0, 0, 0, 0, 
 0, 0, 0, 1, 0, 
 1, 0, 0, 1, 0, 
 1, 0, 0, 0, 0, 
 0, 0, 0, 0, 0, 
 0, 0, 0, 0, 0, 
 0, 0, 0, 0, 0, 
 0, 0, 0, 0, 0, 
 0, 0, 0, 0, 0, 
 1, 1, 0, 0, 0, 
 0, 0, 0, 0, 0, 
 2, 1, 1, 1, 0, 
 0, 0, 0, 0, 0, 
 0, 0, 0, 0, 0, 
 0, 0, 0, 0, 0, 
 0, 0, 0, 0, 0, 
 0, 0, 0, 0, 0, 
 0, 0, 0, 0, 0, 
 0, 0, 0, 0, 0, 
 0, 0, 0, 0, 0, 
 0, 0, 0, 0, 0, 
 0, 0, 0, 0, 0, 
 0, 0, 0, 0, 0, 
 0, 0, 0, 0, 0, 
 0, 0, 0, 0, 0, 
 0, 0, 0, 0, 0, 
 0, 0, 0, 0, 0, 
 0, 0, 0, 0, 0, 
 0, 0, 0, 0, 0, ; 
 
 0, 0, 0, 0, 0, 
 0, 0, 1, 0, 0, 
 0, 0, 0, 0, 0, 
 0, 0, 0, 0, 0, 
 0, 0, 0, 1, 0, 
 1, 0, 0, 0, 0, 
 0, 0, 0, 0, 0, 
 0, 0, 0, 0, 0, 
 0, 0, 0, 0, 0, 
 0, 0, 0, 0, 0, 
 0, 0, 0, 0, 0, 
 0, 0, 0, 0, 0, 
 0, 1, 0, 0, 0, 
 0, 0, 0, 0, 0, 
 0, 0, 0, 1, 0, 
 0, 0, 0, 0, 0, 
 0, 0, 0, 0, 0, 
 0, 0, 0, 0, 0, 
 0, 0, 0, 0, 0, 
 0, 0, 0, 0, 0, 
 0, 0, 0, 0, 0, 
 0, 0, 0, 0, 0, 
 0, 0, 0, 0, 0, 
 0, 0, 0, 0, 0, 
 0, 0, 0, 0, 0, 
 0, 0, 0, 0, 0, 
 0, 0, 0, 0, 0, 
 0, 0, 0, 0, 0, 
 0, 0, 0, 0, 0, 
 0, 0, 0, 0, 0, 
 0, 0, 0, 0, 0, 
 0, 0, 0, 0, 0, ; 
 104; 1/25/2023 12:07:20 PM; 867.9595; 00110; 
 0, 0, 0, 0, 0, 
 0, 0, 0.1, 0, 0, 
 0, 0, 0, 0, 0, 
 0, 0, 0, 0, 0, 
 0, 0, 0, 0.1, 0, 
 0.1, 0, 0, -0.1, 0, 
 -0.1, -0.097, 0, 0, 0, 
 0, 0, 0, 0, 0, 
 0, 0, 0, 0, 0, 
 0, 0, 0, 0, 0, 
 0, 0, 0, 0, 0, 
 0, 0, 0, 0, 0, 
 -0.1, 0.1, 0, 0, 0, 
 0, 0, 0, 0, 0, 
 -0.18, -0.097, -0.1, 0.1, 0, 
 0, 0, 0, 0, 0, 
 0, 0, 0, 0, 0, 
 0, 0, 0, 0, 0, 
 0, 0, 0, 0, 0, 
 0, 0, 0, 0, 0, 
 0, 0, 0, 0, 0, 
 0, 0, 0, 0, 0, 
 0, 0, 0, 0, 0, 
 0, 0, 0, 0, 0, 
 0, 0, 0, 0, 0, 
 0, 0, 0, 0, 0, 
 0, 0, 0, 0, 0, 
 0, 0, 0, 0, 0, 
 0, 0, 0, 0, 0, 
 0, 0, 0, 0, 0, 
 0, 0, 0, 0, 0, 
 0, 0, 0, 0, 0, ; 
 
 0, 0, 0, 0, 0, 
 0, 0, 1, 0, 0, 
 0, 0, 0, 0, 0, 
 0, 0, 0, 0, 0, 
 0, 0, 0, 1, 0, 
 1, 0, 0, 1, 0, 
 1, 1, 0, 0, 0, 
 0, 0, 0, 0, 0, 
 0, 0, 0, 0, 0, 
 0, 0, 0, 0, 0, 
 0, 0, 0, 0, 0, 
 0, 0, 0, 0, 0, 
 1, 1, 0, 0, 0, 
 0, 0, 0, 0, 0, 
 2, 1, 1, 1, 0, 
 0, 0, 0, 0, 0, 
 0, 0, 0, 0, 0, 
 0, 0, 0, 0, 0, 
 0, 0, 0, 0, 0, 
 0, 0, 0, 0, 0, 
 0, 0, 0, 0, 0, 
 0, 0, 0, 0, 0, 
 0, 0, 0, 0, 0, 
 0, 0, 0, 0, 0, 
 0, 0, 0, 0, 0, 
 0, 0, 0, 0, 0, 
 0, 0, 0, 0, 0, 
 0, 0, 0, 0, 0, 
 0, 0, 0, 0, 0, 
 0, 0, 0, 0, 0, 
 0, 0, 0, 0, 0, 
 0, 0, 0, 0, 0, ; 
 
 0, 0, 0, 0, 0, 
 0, 0, 1, 0, 0, 
 0, 0, 0, 0, 0, 
 0, 0, 0, 0, 0, 
 0, 0, 0, 1, 0, 
 1, 0, 0, 0, 0, 
 0, 0, 0, 0, 0, 
 0, 0, 0, 0, 0, 
 0, 0, 0, 0, 0, 
 0, 0, 0, 0, 0, 
 0, 0, 0, 0, 0, 
 0, 0, 0, 0, 0, 
 0, 1, 0, 0, 0, 
 0, 0, 0, 0, 0, 
 0, 0, 0, 1, 0, 
 0, 0, 0, 0, 0, 
 0, 0, 0, 0, 0, 
 0, 0, 0, 0, 0, 
 0, 0, 0, 0, 0, 
 0, 0, 0, 0, 0, 
 0, 0, 0, 0, 0, 
 0, 0, 0, 0, 0, 
 0, 0, 0, 0, 0, 
 0, 0, 0, 0, 0, 
 0, 0, 0, 0, 0, 
 0, 0, 0, 0, 0, 
 0, 0, 0, 0, 0, 
 0, 0, 0, 0, 0, 
 0, 0, 0, 0, 0, 
 0, 0, 0, 0, 0, 
 0, 0, 0, 0, 0, 
 0, 0, 0, 0, 0, ; 
 104; 1/25/2023 12:08:13 PM; 921.0334; 00110; 
 0, 0, 0, 0, 0, 
 0, 0, 0.1, 0, 0, 
 0, 0, 0, 0, 0, 
 0, 0, 0, 0, 0, 
 0, 0, 0, 0.1, 0, 
 0.1, 0, 0, -0.1, 0, 
 -0.1, -0.097, -0.1, 0, 0, 
 0, 0, 0, 0, 0, 
 0, 0, 0, 0, 0, 
 0, 0, 0, 0, 0, 
 0, 0, 0, 0, 0, 
 0, 0, 0, 0, 0, 
 -0.1, 0.1, 0, 0, 0, 
 0, 0, 0, 0, 0, 
 -0.18, -0.097, -0.1, 0.1, 0, 
 0, 0, 0, 0, 0, 
 0, 0, 0, 0, 0, 
 0, 0, 0, 0, 0, 
 0, 0, 0, 0, 0, 
 0, 0, 0, 0, 0, 
 0, 0, 0, 0, 0, 
 0, 0, 0, 0, 0, 
 0, 0, 0, 0, 0, 
 0, 0, 0, 0, 0, 
 0, 0, 0, 0, 0, 
 0, 0, 0, 0, 0, 
 0, 0, 0, 0, 0, 
 0, 0, 0, 0, 0, 
 0, 0, 0, 0, 0, 
 0, 0, 0, 0, 0, 
 0, 0, 0, 0, 0, 
 0, 0, 0, 0, 0, ; 
 
 0, 0, 0, 0, 0, 
 0, 0, 1, 0, 0, 
 0, 0, 0, 0, 0, 
 0, 0, 0, 0, 0, 
 0, 0, 0, 1, 0, 
 1, 0, 0, 1, 0, 
 1, 1, 1, 0, 0, 
 0, 0, 0, 0, 0, 
 0, 0, 0, 0, 0, 
 0, 0, 0, 0, 0, 
 0, 0, 0, 0, 0, 
 0, 0, 0, 0, 0, 
 1, 1, 0, 0, 0, 
 0, 0, 0, 0, 0, 
 2, 1, 1, 1, 0, 
 0, 0, 0, 0, 0, 
 0, 0, 0, 0, 0, 
 0, 0, 0, 0, 0, 
 0, 0, 0, 0, 0, 
 0, 0, 0, 0, 0, 
 0, 0, 0, 0, 0, 
 0, 0, 0, 0, 0, 
 0, 0, 0, 0, 0, 
 0, 0, 0, 0, 0, 
 0, 0, 0, 0, 0, 
 0, 0, 0, 0, 0, 
 0, 0, 0, 0, 0, 
 0, 0, 0, 0, 0, 
 0, 0, 0, 0, 0, 
 0, 0, 0, 0, 0, 
 0, 0, 0, 0, 0, 
 0, 0, 0, 0, 0, ; 
 
 0, 0, 0, 0, 0, 
 0, 0, 1, 0, 0, 
 0, 0, 0, 0, 0, 
 0, 0, 0, 0, 0, 
 0, 0, 0, 1, 0, 
 1, 0, 0, 0, 0, 
 0, 0, 0, 0, 0, 
 0, 0, 0, 0, 0, 
 0, 0, 0, 0, 0, 
 0, 0, 0, 0, 0, 
 0, 0, 0, 0, 0, 
 0, 0, 0, 0, 0, 
 0, 1, 0, 0, 0, 
 0, 0, 0, 0, 0, 
 0, 0, 0, 1, 0, 
 0, 0, 0, 0, 0, 
 0, 0, 0, 0, 0, 
 0, 0, 0, 0, 0, 
 0, 0, 0, 0, 0, 
 0, 0, 0, 0, 0, 
 0, 0, 0, 0, 0, 
 0, 0, 0, 0, 0, 
 0, 0, 0, 0, 0, 
 0, 0, 0, 0, 0, 
 0, 0, 0, 0, 0, 
 0, 0, 0, 0, 0, 
 0, 0, 0, 0, 0, 
 0, 0, 0, 0, 0, 
 0, 0, 0, 0, 0, 
 0, 0, 0, 0, 0, 
 0, 0, 0, 0, 0, 
 0, 0, 0, 0, 0, ; 
 104; 1/25/2023 12:09:02 PM; 970.8591; 00110; 
 0, 0, 0, 0, 0, 
 0, 0, 0.1, 0, 0, 
 0, 0, 0, 0, 0, 
 0, 0, 0, 0, 0, 
 0, 0, 0, 0.1, 0, 
 0.1, 0, 0, -0.1, 0, 
 -0.1, -0.097, -0.1, -0.097, 0, 
 0, 0, 0, 0, 0, 
 0, 0, 0, 0, 0, 
 0, 0, 0, 0, 0, 
 0, 0, 0, 0, 0, 
 0, 0, 0, 0, 0, 
 -0.1, 0.1, 0, 0, 0, 
 0, 0, 0, 0, 0, 
 -0.18, -0.097, -0.1, 0.1, 0, 
 0, 0, 0, 0, 0, 
 0, 0, 0, 0, 0, 
 0, 0, 0, 0, 0, 
 0, 0, 0, 0, 0, 
 0, 0, 0, 0, 0, 
 0, 0, 0, 0, 0, 
 0, 0, 0, 0, 0, 
 0, 0, 0, 0, 0, 
 0, 0, 0, 0, 0, 
 0, 0, 0, 0, 0, 
 0, 0, 0, 0, 0, 
 0, 0, 0, 0, 0, 
 0, 0, 0, 0, 0, 
 0, 0, 0, 0, 0, 
 0, 0, 0, 0, 0, 
 0, 0, 0, 0, 0, 
 0, 0, 0, 0, 0, ; 
 
 0, 0, 0, 0, 0, 
 0, 0, 1, 0, 0, 
 0, 0, 0, 0, 0, 
 0, 0, 0, 0, 0, 
 0, 0, 0, 1, 0, 
 1, 0, 0, 1, 0, 
 1, 1, 1, 1, 0, 
 0, 0, 0, 0, 0, 
 0, 0, 0, 0, 0, 
 0, 0, 0, 0, 0, 
 0, 0, 0, 0, 0, 
 0, 0, 0, 0, 0, 
 1, 1, 0, 0, 0, 
 0, 0, 0, 0, 0, 
 2, 1, 1, 1, 0, 
 0, 0, 0, 0, 0, 
 0, 0, 0, 0, 0, 
 0, 0, 0, 0, 0, 
 0, 0, 0, 0, 0, 
 0, 0, 0, 0, 0, 
 0, 0, 0, 0, 0, 
 0, 0, 0, 0, 0, 
 0, 0, 0, 0, 0, 
 0, 0, 0, 0, 0, 
 0, 0, 0, 0, 0, 
 0, 0, 0, 0, 0, 
 0, 0, 0, 0, 0, 
 0, 0, 0, 0, 0, 
 0, 0, 0, 0, 0, 
 0, 0, 0, 0, 0, 
 0, 0, 0, 0, 0, 
 0, 0, 0, 0, 0, ; 
 
 0, 0, 0, 0, 0, 
 0, 0, 1, 0, 0, 
 0, 0, 0, 0, 0, 
 0, 0, 0, 0, 0, 
 0, 0, 0, 1, 0, 
 1, 0, 0, 0, 0, 
 0, 0, 0, 0, 0, 
 0, 0, 0, 0, 0, 
 0, 0, 0, 0, 0, 
 0, 0, 0, 0, 0, 
 0, 0, 0, 0, 0, 
 0, 0, 0, 0, 0, 
 0, 1, 0, 0, 0, 
 0, 0, 0, 0, 0, 
 0, 0, 0, 1, 0, 
 0, 0, 0, 0, 0, 
 0, 0, 0, 0, 0, 
 0, 0, 0, 0, 0, 
 0, 0, 0, 0, 0, 
 0, 0, 0, 0, 0, 
 0, 0, 0, 0, 0, 
 0, 0, 0, 0, 0, 
 0, 0, 0, 0, 0, 
 0, 0, 0, 0, 0, 
 0, 0, 0, 0, 0, 
 0, 0, 0, 0, 0, 
 0, 0, 0, 0, 0, 
 0, 0, 0, 0, 0, 
 0, 0, 0, 0, 0, 
 0, 0, 0, 0, 0, 
 0, 0, 0, 0, 0, 
 0, 0, 0, 0, 0, ; 
 