11110; 
 0, 0, 0, 0, 0, 
 0, 0, 0, 0, 0, 
 0, 0, 0, 0, 0, 
 0, 0, 0, 0, 0, 
 0, 0, 0, 0, 0, 
 0, 0, 0, 0, 0, 
 0, 0, 0, 0, 0, 
 0, 0, 0, 0, 0, 
 0, 0, 0, 0, 0, 
 0, 0, 0, 0, 0, 
 0, 0, 0, 0, 0, 
 0, 0, 0, 0, 0, 
 -0.01691, 0.1, 0, -0.18, 0, 
 0.103, 0, -0.1, 0, 0, 
 -0.1, -0.097, -0.1, -0.1, 0.1, 
 0, 0, 0, 0, 0, 
 0, 0, 0, 0, 0, 
 0, 0, 0, 0, 0, 
 0, 0, 0, 0, 0, 
 0, 0, 0, 0, 0, 
 0, 0, 0, 0, 0, 
 0, 0, 0, 0, 0, 
 0, 0, 0, 0, 0, 
 0, 0, 0, 0, 0, 
 0, 0, 0, 0, 0, 
 0, 0, 0, 0, 0, 
 0, 0, 0, 0, 0, 
 0, 0, 0, 0, 0, 
 0, 0, 0, 0, 0, 
 0, 0, 0, 0, 0, 
 -0.1, -0.1, -0.1, -0.18, -0.1746, 
 0, 0, 0, 0, 0, ; 
 
 0, 0, 0, 0, 0, 
 0, 0, 0, 0, 0, 
 0, 0, 0, 0, 0, 
 0, 0, 0, 0, 0, 
 0, 0, 0, 0, 0, 
 0, 0, 0, 0, 0, 
 0, 0, 0, 0, 0, 
 0, 0, 0, 0, 0, 
 0, 0, 0, 0, 0, 
 0, 0, 0, 0, 0, 
 0, 0, 0, 0, 0, 
 0, 0, 0, 0, 0, 
 2, 1, 0, 2, 0, 
 1, 0, 1, 0, 0, 
 1, 1, 1, 1, 1, 
 0, 0, 0, 0, 0, 
 0, 0, 0, 0, 0, 
 0, 0, 0, 0, 0, 
 0, 0, 0, 0, 0, 
 0, 0, 0, 0, 0, 
 0, 0, 0, 0, 0, 
 0, 0, 0, 0, 0, 
 0, 0, 0, 0, 0, 
 0, 0, 0, 0, 0, 
 0, 0, 0, 0, 0, 
 0, 0, 0, 0, 0, 
 0, 0, 0, 0, 0, 
 0, 0, 0, 0, 0, 
 0, 0, 0, 0, 0, 
 0, 0, 0, 0, 0, 
 1, 1, 1, 2, 2, 
 0, 0, 0, 0, 0, ; 
 
 0, 0, 0, 0, 0, 
 0, 0, 0, 0, 0, 
 0, 0, 0, 0, 0, 
 0, 0, 0, 0, 0, 
 0, 0, 0, 0, 0, 
 0, 0, 0, 0, 0, 
 0, 0, 0, 0, 0, 
 0, 0, 0, 0, 0, 
 0, 0, 0, 0, 0, 
 0, 0, 0, 0, 0, 
 0, 0, 0, 0, 0, 
 0, 0, 0, 0, 0, 
 1, 1, 0, 0, 0, 
 1, 0, 0, 0, 0, 
 0, 0, 0, 0, 1, 
 0, 0, 0, 0, 0, 
 0, 0, 0, 0, 0, 
 0, 0, 0, 0, 0, 
 0, 0, 0, 0, 0, 
 0, 0, 0, 0, 0, 
 0, 0, 0, 0, 0, 
 0, 0, 0, 0, 0, 
 0, 0, 0, 0, 0, 
 0, 0, 0, 0, 0, 
 0, 0, 0, 0, 0, 
 0, 0, 0, 0, 0, 
 0, 0, 0, 0, 0, 
 0, 0, 0, 0, 0, 
 0, 0, 0, 0, 0, 
 0, 0, 0, 0, 0, 
 0, 0, 0, 0, 0, 
 0, 0, 0, 0, 0, ; 
 